"identif" "eta92c" "eta95c" "persist"
13 24 27 "0"
14 8 11 "0"
15 11 14 "0"
19 3 6 "0"
20 12 15 "0"
21 7 NA "0"
22 10 13 "0"
24 7 10 "0"
28 4 7 "0"
30 5 NA "0"
31 25 28 "0"
35 6 NA "0"
36 15 NA "0"
39 2 5 "0"
40 4 7 "0"
41 16 19 "0"
42 12 15 "0"
43 16 NA "0"
44 14 17 "0"
46 31 34 "0"
48 NA NA "0"
49 6 9 "0"
53 18 NA "0"
54 5 NA "0"
55 10 13 "0"
58 31 NA "0"
59 10 NA "0"
60 13 16 "0"
61 7 10 "0"
62 105 108 "0"
63 16 19 "0"
64 31 34 "0"
67 5 8 "0"
69 17 20 "0"
70 17 20 "0"
71 9 12 "0"
74 3 NA "0"
75 18 21 "0"
76 20 23 "0"
77 30 NA "0"
80 7 10 "0"
83 2 5 "0"
84 26 NA "0"
87 15 NA "0"
89 2 5 "0"
91 11 NA "0"
98 12 15 "0"
101 14 17 "0"
104 7 10 "0"
106 11 NA "0"
107 12 15 "0"
108 83 86 "0"
109 21 24 "0"
110 20 23 "0"
113 31 34 "0"
115 11 NA "0"
116 1 4 "0"
119 NA NA "0"
120 4 NA NA
123 4 7 NA
127 31 34 "0"
128 12 15 "0"
129 9 12 "0"
137 17 NA NA
139 15 18 "0"
140 26 NA "0"
142 12 15 "0"
144 5 NA "0"
149 11 NA "0"
156 7 NA NA
157 16 19 "0"
164 5 8 "0"
165 12 15 "0"
170 13 16 "0"
171 13 NA "0"
172 11 14 "0"
173 5 8 "0"
175 23 NA "0"
179 15 18 "0"
181 32 NA "0"
189 5 NA "0"
191 7 NA "0"
192 6 9 "0"
201 32 NA "0"
206 28 31 "0"
207 21 24 "0"
208 19 NA "0"
211 57 60 "0"
214 8 NA "0"
215 16 19 "0"
225 11 NA "0"
226 30 33 "0"
227 29 NA "0"
228 19 22 "0"
230 6 NA "0"
231 16 NA "0"
234 12 15 "0"
236 19 NA "0"
245 65 68 "0"
250 22 25 "0"
251 14 17 "0"
252 22 25 "0"
256 11 14 "0"
259 31 34 "0"
260 30 33 "0"
263 20 NA "0"
265 6 9 "0"
268 27 30 "0"
270 11 14 "0"
271 NA NA "0"
277 14 17 "0"
278 21 24 "0"
280 13 16 "0"
284 30 33 "0"
290 3 NA "0"
292 24 27 "0"
294 15 18 "0"
297 10 NA "0"
302 8 11 "0"
304 21 24 "0"
305 12 NA "0"
309 7 10 "0"
310 8 11 "0"
316 25 28 "0"
318 9 12 "0"
319 8 11 "0"
320 14 NA "0"
323 26 29 "0"
324 13 16 "0"
328 19 22 "0"
331 NA NA "0"
334 12 NA "0"
335 7 10 "0"
337 5 NA "0"
339 22 25 "0"
342 NA NA "0"
346 19 22 "0"
347 19 NA "0"
351 9 12 "0"
352 2 5 "0"
354 18 21 "0"
359 8 NA "0"
361 4 7 "0"
363 10 13 "0"
366 23 26 "0"
370 3 6 NA
372 31 34 "0"
377 13 16 "0"
378 13 NA "0"
380 19 NA "0"
382 31 34 "0"
383 29 32 "0"
386 24 NA "0"
387 6 NA "0"
389 19 22 "0"
391 10 13 "0"
392 12 NA "0"
393 5 8 "0"
396 42 45 "0"
408 8 11 "0"
413 11 14 "0"
416 12 NA "0"
418 32 35 "0"
420 4 7 "0"
422 11 14 "0"
426 13 NA NA
430 NA NA "0"
433 NA NA "0"
439 1 4 "0"
440 18 21 "0"
443 20 NA "0"
446 3 NA "0"
447 6 9 "0"
448 6 9 "0"
452 3 NA "0"
456 5 NA "0"
461 16 NA "0"
463 11 NA "0"
466 5 8 "0"
472 15 18 "0"
474 16 NA "0"
475 13 NA "0"
479 10 13 "0"
481 10 NA "0"
482 12 15 "0"
484 15 18 "0"
485 32 35 "0"
486 36 39 "0"
488 31 34 "0"
489 12 15 "0"
490 4 7 "0"
493 15 18 "0"
494 19 22 "0"
497 13 16 "0"
505 10 NA "0"
506 18 21 "0"
507 39 42 "0"
508 19 22 "0"
510 12 15 "0"
512 20 23 "0"
515 4 NA "0"
517 7 10 "0"
520 6 9 "0"
522 36 39 "0"
525 5 NA NA
526 30 33 "0"
527 NA NA "0"
528 4 NA "0"
530 24 NA "0"
531 9 12 "0"
535 11 14 "0"
536 10 13 "0"
541 12 NA "0"
545 14 17 "0"
548 26 29 "0"
550 5 NA "0"
551 16 NA "0"
557 17 20 "0"
558 14 NA NA
559 13 NA "0"
560 20 NA "0"
562 13 NA "0"
564 6 9 NA
565 5 8 "0"
567 10 NA "0"
568 37 40 "0"
572 32 35 "0"
573 14 17 "0"
575 12 15 "0"
577 14 17 "0"
578 23 26 "0"
581 42 45 "0"
582 19 22 "0"
583 12 NA "0"
584 NA NA "0"
586 58 61 "0"
587 13 16 "0"
588 38 41 "0"
590 27 NA "0"
591 9 12 "0"
593 12 NA "0"
594 67 NA "0"
600 21 24 "0"
601 12 15 "0"
602 5 NA "0"
603 25 28 "0"
604 32 35 "0"
605 31 NA "0"
606 NA NA "0"
607 12 15 "0"
609 16 NA "0"
611 12 15 "0"
615 29 32 "0"
616 46 NA "0"
618 45 48 "0"
621 20 23 "0"
624 12 15 "0"
627 1 4 "0"
628 2 NA "0"
632 12 NA "0"
635 14 17 "0"
636 36 39 "0"
637 30 33 "0"
639 20 NA "0"
641 9 NA "0"
642 25 28 "0"
643 NA NA "0"
647 NA NA "0"
648 19 22 NA
649 13 16 "0"
652 51 54 "0"
655 9 12 "0"
656 12 NA "0"
661 34 37 "0"
662 19 22 "0"
664 13 16 "0"
667 24 NA "0"
670 21 24 "0"
674 19 22 "0"
675 NA NA "0"
676 12 15 "0"
677 39 42 "0"
678 57 60 "0"
682 7 10 "0"
683 32 35 "0"
684 20 23 "0"
685 4 7 "0"
688 56 NA "0"
689 43 46 "0"
691 37 40 "0"
692 39 42 "0"
697 37 40 "0"
699 45 48 "0"
700 4 NA "0"
701 45 48 "0"
703 23 NA "0"
704 38 NA "0"
705 2 5 "0"
706 7 10 "0"
710 NA NA "0"
711 13 16 "0"
713 19 NA "0"
718 7 10 "0"
719 7 10 "0"
720 13 16 "0"
722 16 19 "0"
724 18 21 "0"
726 8 11 "0"
727 28 31 "0"
733 NA NA "0"
734 12 15 "0"
738 22 25 "0"
744 8 NA "0"
745 28 31 "0"
746 11 14 "0"
748 29 NA "0"
751 21 24 "0"
754 28 31 "0"
759 2 5 "0"
760 19 22 "0"
763 23 26 "0"
765 23 26 "1"
766 20 23 "0"
768 37 40 "0"
769 24 27 "0"
771 0 NA "0"
772 69 72 "0"
774 29 32 "0"
775 25 28 "0"
776 21 24 "0"
780 23 26 "0"
781 19 22 "0"
782 66 69 "0"
783 NA NA "0"
784 6 9 "0"
785 5 8 "0"
786 24 27 "0"
787 122 NA "0"
788 12 15 "0"
793 36 39 "0"
794 11 14 "0"
797 6 9 "0"
800 27 30 "0"
801 17 20 "0"
803 6 9 "0"
804 5 8 "0"
809 12 15 "0"
810 26 29 NA
815 6 9 "0"
816 32 35 "0"
819 32 35 "0"
820 12 15 "0"
822 NA NA "0"
823 7 10 "0"
824 9 12 "0"
829 11 14 "0"
830 42 45 "0"
831 42 45 "0"
835 7 10 "0"
837 13 16 "0"
840 16 NA "0"
841 15 18 "0"
845 20 NA "0"
846 17 20 "0"
848 58 61 "0"
852 NA NA "0"
853 9 12 "0"
854 27 NA "0"
855 6 9 "0"
856 13 16 "0"
859 11 14 "0"
862 7 10 "0"
864 6 9 "0"
866 47 50 "0"
867 34 37 "0"
868 25 NA "0"
869 31 34 "0"
870 18 21 "0"
871 32 35 "0"
873 39 42 "0"
874 18 21 "0"
876 15 18 "0"
877 19 22 "0"
878 NA NA "0"
879 14 NA "0"
881 29 32 "0"
882 15 NA "0"
887 16 19 "0"
890 21 24 "0"
892 31 NA "0"
900 35 38 "0"
901 25 NA "0"
902 18 21 "0"
904 NA NA "0"
906 24 27 "0"
908 14 17 "0"
911 7 NA "0"
912 13 NA "0"
914 30 33 "0"
915 16 NA "0"
916 20 23 "0"
919 19 22 "0"
921 -1 2 "0"
924 10 NA NA
927 17 20 "0"
930 38 NA "0"
932 99 102 "0"
933 59 62 "0"
939 46 49 "0"
942 12 15 "0"
943 1 4 NA
945 11 14 "0"
949 NA NA "0"
950 13 16 "0"
955 29 32 "0"
956 25 28 "0"
957 16 19 "0"
963 27 30 "0"
964 67 70 "0"
967 27 30 "0"
970 22 25 "0"
973 18 21 "0"
978 NA NA "0"
980 61 64 "0"
981 5 8 "0"
982 64 67 "0"
984 62 NA "0"
986 9 12 "0"
988 64 67 "0"
989 NA NA "0"
991 24 27 "0"
993 27 30 "0"
1003 39 NA "0"
1005 7 NA "0"
1009 11 14 "0"
1011 29 32 "0"
1014 7 10 "0"
1015 10 13 "0"
1017 NA NA "0"
1029 7 10 "0"
1035 NA NA "0"
1039 16 19 "0"
1040 16 19 "0"
1043 12 15 "0"
1045 11 14 "0"
1051 18 21 "0"
1057 7 10 "0"
1061 19 NA "0"
1066 4 7 "0"
1069 38 41 "0"
1071 14 17 "0"
1072 NA NA "0"
1075 8 11 "0"
1078 13 16 "0"
1082 9 12 "0"
1083 28 NA "0"
1085 9 12 "0"
1089 60 NA "0"
1094 11 14 "0"
1103 38 41 "0"
1104 17 20 "0"
1109 9 12 "0"
1114 12 15 "0"
1116 9 12 "0"
1119 6 NA "0"
1120 16 19 "0"
1126 7 NA "0"
1127 8 NA "0"
1130 15 18 "0"
1133 24 NA "0"
1136 9 12 "0"
1139 30 33 "0"
1140 31 34 "0"
1141 7 NA "0"
1142 24 27 "0"
1146 12 15 "0"
1152 3 6 "0"
1153 17 20 "0"
1155 2 NA "0"
1157 13 16 "0"
1159 12 15 "0"
1160 8 11 "0"
1165 NA NA "0"
1169 9 12 "0"
1170 19 NA "0"
1172 29 NA "0"
1180 34 NA "0"
1184 29 32 "0"
1187 18 21 "0"
1189 NA NA "0"
1198 10 13 "0"
1203 7 NA "0"
1210 18 21 "0"
1219 7 10 "0"
1220 19 NA "0"
1223 13 16 "0"
1224 15 18 "0"
1225 4 7 "0"
1227 2 5 "0"
1229 47 50 "0"
1230 37 40 "1"
1232 28 NA "0"
1234 21 24 "0"
1237 17 NA "0"
1248 6 9 "0"
1258 7 NA "0"
1259 17 NA "0"
1262 16 19 "0"
1268 44 NA "0"
1269 51 54 NA
1272 37 40 "0"
1278 16 NA "0"
1279 3 NA "0"
1283 24 27 "0"
1284 26 29 "0"
1285 7 10 "0"
1290 11 NA "0"
1292 26 29 "0"
1293 19 22 "0"
1295 16 19 "0"
1298 15 18 "0"
1304 25 28 "0"
1307 79 82 "0"
1312 13 16 "0"
1317 12 15 NA
1318 5 8 "0"
1319 7 NA "0"
1321 13 NA "0"
1323 10 NA "0"
1328 21 24 "0"
1330 92 95 "0"
1333 32 35 "0"
1337 12 15 "0"
1338 13 16 "0"
1340 120 NA "0"
1352 31 34 "0"
1357 10 NA "0"
1359 5 8 "0"
1364 9 NA "0"
1367 7 10 "0"
1368 1 4 "0"
1372 8 NA "0"
1375 17 20 "0"
1377 13 NA "0"
1379 35 NA "0"
1380 24 27 "0"
1385 19 22 "0"
1387 43 46 "0"
1388 9 12 "0"
1390 27 30 "0"
1391 12 NA NA
1392 42 NA "0"
1394 12 15 "0"
1395 12 15 "0"
1396 45 NA "0"
1398 29 NA "0"
1399 26 29 "0"
1401 22 25 "0"
1402 11 14 NA
1404 9 12 "0"
1405 4 7 "0"
1406 2 5 "0"
1407 27 NA "0"
1408 13 16 "0"
1412 8 NA "0"
1413 8 NA "0"
1417 3 NA "0"
1418 6 NA "0"
1419 6 NA "0"
1420 39 42 "0"
1421 31 34 "0"
1422 30 33 "0"
1423 20 23 "0"
1429 37 NA NA
1439 30 33 "0"
1440 29 NA "0"
1441 2 NA "0"
1446 NA NA "0"
1447 18 21 "0"
1449 12 15 "0"
1450 12 15 "0"
1453 14 NA "0"
1457 NA NA "0"
1460 NA NA "0"
1461 26 29 NA
1463 46 49 "0"
1464 29 NA "0"
1465 19 22 "0"
1468 35 38 "0"
1469 31 NA "0"
1472 10 13 "0"
1474 9 NA "0"
1475 22 NA "0"
1476 18 NA "0"
1477 11 14 "0"
1478 0 NA "0"
1481 5 8 "0"
1485 32 35 "0"
1486 NA NA "0"
1488 26 NA "0"
1489 20 23 "0"
1490 13 NA "0"
1492 45 NA "0"
1493 7 NA "0"
1494 22 25 "0"
1497 4 7 "0"
1498 48 51 "0"
1499 43 NA "0"
1500 0 NA "0"
1502 20 23 "0"
1504 46 49 "0"
1507 45 48 "0"
1514 36 39 "1"
1515 NA NA "0"
1516 58 61 "0"
1517 12 NA "0"
1520 28 NA "0"
1522 57 NA "0"
1523 30 33 "0"
1524 36 39 "0"
1526 57 60 "0"
1531 24 27 "0"
1532 4 7 "0"
1534 55 58 "0"
1535 54 NA "0"
1539 30 33 "0"
1540 NA NA "0"
1542 13 16 "0"
1547 12 15 "0"
1549 35 38 "0"
1550 11 14 "0"
1551 12 15 "0"
1552 12 15 "0"
1553 9 NA "0"
1558 5 8 "0"
1559 30 NA NA
1564 8 11 "0"
1565 22 25 "0"
1567 63 NA "0"
1568 44 47 "0"
1569 20 NA "0"
1571 33 NA "0"
1574 25 28 "0"
1577 13 16 "0"
1582 38 41 "0"
1583 39 NA "0"
1585 36 39 "0"
1587 13 16 "0"
1590 19 22 "0"
1591 63 66 "0"
1592 14 17 "0"
1594 5 NA "0"
1595 6 9 "0"
1598 44 47 "0"
1599 32 35 NA
1600 29 NA "0"
1602 16 19 "0"
1604 3 6 "0"
1606 38 41 "0"
1614 8 11 NA
1618 36 NA "0"
1621 25 28 NA
1622 24 27 "0"
1623 16 19 "0"
1626 68 71 "0"
1629 19 22 "0"
1631 4 NA "0"
1636 NA NA "0"
1637 20 NA "0"
1639 30 33 "0"
1640 20 NA "0"
1641 13 16 "0"
1644 20 23 "0"
1645 18 21 "0"
1646 3 NA "0"
1648 25 28 "0"
1649 31 34 "0"
1653 54 57 "0"
1655 28 31 "0"
1657 44 47 "0"
1658 31 NA "0"
1660 14 NA "0"
1662 25 28 "0"
1664 23 NA "0"
1666 16 19 "0"
1667 12 15 "0"
1669 5 8 "0"
1670 28 NA "0"
1672 45 48 "0"
1673 55 NA "0"
1675 29 NA "0"
1679 13 16 "0"
1680 16 NA "0"
1682 12 15 "0"
1684 12 NA "0"
1685 20 23 "0"
1686 9 NA "0"
1689 7 NA "0"
1691 31 NA "0"
1695 24 27 "0"
1697 42 45 "0"
1700 -1 NA "0"
1701 50 53 "0"
1703 40 NA "0"
1705 46 49 "0"
1706 45 48 "0"
1707 45 NA "0"
1708 19 22 "0"
1711 29 32 "0"
1716 20 23 "0"
1717 21 24 "0"
1718 19 NA NA
1722 12 15 "0"
1726 45 NA "0"
1729 25 28 "0"
1730 22 NA "0"
1731 20 23 "0"
1732 NA NA "0"
1734 3 6 "0"
1736 66 69 "0"
1738 22 25 "0"
1742 12 NA "0"
1743 28 31 "0"
1744 13 NA "0"
1750 34 37 "0"
1753 18 21 "0"
1759 15 18 "0"
1761 40 43 "0"
1764 19 22 "0"
1765 NA NA "0"
1766 NA NA "0"
1767 1 NA "0"
1770 12 15 "0"
1771 27 30 "0"
1772 37 NA "0"
1775 25 NA "0"
1777 1 NA "0"
1778 NA NA "0"
1782 NA NA "0"
1783 20 23 "0"
1786 32 35 "0"
1787 32 35 "0"
1789 27 30 "0"
1792 NA NA "0"
1796 8 NA "0"
1798 6 9 "0"
1799 5 8 "0"
1800 3 6 "0"
1801 83 86 "0"
1802 53 56 "0"
1804 17 20 "0"
1805 21 24 "0"
1807 23 26 "0"
1808 15 18 "0"
1809 45 NA "0"
1810 37 40 "0"
1811 90 93 "0"
1813 43 46 "0"
1814 37 40 "0"
1815 71 NA "0"
1817 12 15 "0"
1819 34 37 "0"
1822 31 34 "0"
1825 30 33 "0"
1827 29 32 "0"
1829 19 NA "0"
1830 14 NA "0"
1836 10 13 "0"
1837 30 33 "0"
1838 29 32 "0"
1839 32 35 "0"
1840 30 33 "0"
1841 23 26 "0"
1843 8 11 "0"
1845 31 34 NA
1846 NA NA "0"
1847 11 14 "0"
1849 60 63 "0"
1850 69 NA "0"
1851 54 NA NA
1852 45 NA "0"
1855 33 36 "0"
1857 38 NA "0"
1858 11 14 "0"
1859 4 7 "0"
1863 87 90 "0"
1866 41 44 "0"
1867 37 40 "0"
1875 30 33 "0"
1876 61 64 "0"
1878 18 21 "0"
1879 NA NA "0"
1883 7 10 "0"
1887 19 NA "0"
1888 63 66 "0"
1890 6 9 "0"
1891 14 17 "0"
1892 18 21 "0"
1897 52 55 "0"
1900 80 83 "0"
1905 NA NA "0"
1907 30 33 "0"
1908 5 NA "0"
1909 50 53 "0"
1910 NA NA "0"
1911 41 44 "0"
1912 13 NA "0"
1914 29 32 "0"
1915 20 23 "0"
1917 12 15 "0"
1918 10 13 "0"
1920 6 9 "0"
1921 44 47 "0"
1924 79 82 NA
1925 NA NA "0"
1926 7 NA "0"
1930 11 14 "0"
1932 32 35 "0"
1933 20 NA "0"
1936 15 18 "0"
1938 45 48 "0"
1939 39 42 "0"
1940 25 28 "0"
1943 16 19 "0"
1944 13 16 "0"
1945 13 16 "0"
1946 11 14 "0"
1947 9 NA "0"
1949 71 74 "0"
1951 47 50 NA
1952 37 40 "0"
1954 29 32 "0"
1956 21 NA "0"
1960 37 NA "0"
1962 42 NA "0"
1963 29 32 "0"
1965 65 NA "0"
1966 23 26 "0"
1968 12 15 "0"
1970 36 NA "0"
1972 45 NA "0"
1974 2 NA "0"
1977 67 70 "0"
1978 61 64 "0"
1980 60 63 "0"
1981 58 NA "0"
1982 64 67 "0"
1986 51 NA "0"
1987 48 51 "0"
1988 43 46 "0"
1989 38 41 "0"
1990 37 40 "0"
1991 37 NA "0"
1992 36 39 "0"
1997 30 NA "0"
1998 26 29 "0"
1999 26 29 "0"
2001 25 28 NA
2003 23 26 "0"
2006 20 NA "0"
2010 13 16 "0"
2013 12 15 "0"
2015 11 14 "0"
2019 12 15 "0"
2022 4 7 "0"
2024 23 NA "0"
2025 21 24 "0"
2026 12 15 "0"
2028 17 20 "0"
2030 63 NA "0"
2031 70 73 "0"
2032 NA NA "0"
2033 45 48 "0"
2035 101 NA "0"
2037 21 NA "0"
2038 12 NA "0"
2041 4 NA "0"
2042 NA NA "0"
2043 30 33 "0"
2048 34 NA "0"
2052 20 23 "0"
2063 94 97 "0"
2064 15 18 "0"
2066 22 25 "0"
2069 63 NA "0"
2070 71 74 "0"
2072 65 NA "0"
2076 3 6 "0"
2079 13 16 "0"
2082 35 38 "0"
2083 79 82 "0"
2084 49 52 "0"
2085 45 NA "0"
2086 31 34 "0"
2087 33 NA "0"
2088 80 83 "0"
2089 18 NA "0"
2090 36 39 "0"
2093 117 NA NA
2094 13 16 "0"
2099 12 15 "0"
2100 50 53 "0"
2102 25 28 "0"
2106 57 60 "0"
2110 15 18 "0"
2117 20 23 NA
2118 19 22 "0"
2119 15 18 "0"
2120 29 32 "0"
2121 37 40 NA
2124 11 14 "0"
2125 27 NA "0"
2128 54 57 "0"
2129 13 NA "0"
2130 12 NA "0"
2131 25 28 NA
2132 7 10 "0"
2134 9 12 NA
2135 44 47 "0"
2136 42 45 "0"
2137 28 31 "0"
2139 4 7 "0"
2141 12 NA "0"
2143 5 8 "0"
2144 45 48 "0"
2146 NA NA "0"
2152 15 18 "0"
2153 53 56 "0"
2154 12 NA "0"
2155 40 43 "0"
2157 NA NA "0"
2159 NA NA "0"
2161 31 34 "0"
2162 32 NA "0"
2163 62 65 "0"
2165 27 30 "0"
2166 NA NA "0"
2169 13 16 "0"
2170 12 15 "0"
2171 NA NA "0"
2172 3 6 "0"
2173 42 45 "0"
2174 45 48 "0"
2175 44 47 "0"
2176 -1 NA "0"
2177 NA NA "0"
2179 45 48 "0"
2180 46 49 "0"
2183 15 NA "0"
2190 5 NA "0"
2195 8 NA "0"
2196 NA NA "0"
2198 19 NA "0"
2201 23 NA "0"
2202 7 10 "0"
2204 14 17 "0"
2205 7 NA "0"
2207 4 NA "0"
2210 6 NA "0"
2213 6 NA "0"
2215 10 NA "0"
2217 12 NA "0"
2219 9 NA "0"
2221 5 8 "0"
2222 4 7 NA
2223 4 NA "0"
2224 20 23 "0"
2225 14 NA "0"
2226 22 NA "0"
2228 12 15 "0"
2230 11 14 "0"
2233 5 NA "0"
2235 14 NA "0"
2236 7 NA "0"
2239 14 NA "0"
2243 19 22 "0"
2245 15 NA "0"
2246 19 22 "0"
2251 20 NA "0"
2254 30 33 "0"
2255 13 NA "0"
2258 2 NA "0"
2260 5 8 "0"
2263 2 5 "0"
2265 4 7 "0"
2266 19 NA "0"
2267 22 25 "0"
2268 13 NA "0"
2269 4 7 "0"
2270 16 19 "0"
2271 10 13 "0"
2273 12 NA NA
2275 12 15 "0"
2277 20 NA "0"
2280 19 NA "0"
2283 18 NA "0"
2285 16 19 "0"
2286 28 NA "0"
2287 12 NA "0"
2292 31 34 "0"
2295 17 NA "0"
2299 NA NA "0"
2300 49 52 "0"
2301 3 6 "0"
2303 21 24 "0"
2304 23 NA "0"
2306 14 NA "0"
2307 12 NA "0"
2310 29 32 "0"
2311 22 25 "0"
2313 2 NA "0"
2314 13 NA "0"
2315 13 16 "0"
2316 37 NA "0"
2317 20 NA "0"
2321 13 16 "0"
2322 10 13 "0"
2323 9 12 "0"
2324 24 27 "0"
2325 27 30 "0"
2327 15 18 "0"
2328 4 7 "0"
2329 17 20 "0"
2331 85 88 "0"
2334 4 7 "0"
2335 16 NA "0"
2337 19 22 "0"
2338 20 23 "0"
2339 16 NA "0"
2340 22 NA "0"
2341 16 NA "0"
2342 12 15 "0"
2345 18 NA "0"
2349 NA NA "0"
2355 7 NA "0"
2356 25 28 "0"
2357 19 22 "0"
2359 34 NA "0"
2368 19 22 NA
2369 4 7 "0"
2371 14 17 "0"
2375 17 20 "0"
2376 NA NA "0"
2377 7 NA NA
2380 10 13 "0"
2381 2 5 "0"
2383 13 16 "0"
2384 7 10 "0"
2387 26 NA "0"
2390 13 NA "0"
2391 NA NA "0"
2392 14 17 "0"
2394 36 NA "0"
2402 4 7 "0"
2406 12 NA "0"
2416 7 NA "0"
2419 6 9 "0"
2424 7 10 "0"
2425 4 7 "0"
2426 10 NA "0"
2427 40 NA "0"
2430 6 9 "0"
2431 2 5 "0"
2435 3 NA "0"
2436 7 NA "0"
2439 68 71 "0"
2440 32 NA "0"
2443 NA NA "0"
2444 19 22 "0"
2452 7 10 "0"
2457 2 5 "0"
2462 14 17 NA
2463 6 9 "0"
2466 5 8 "0"
2477 12 15 "0"
2478 12 NA "0"
2480 19 22 "0"
2482 22 25 "0"
2486 103 NA NA
2495 11 NA "0"
2496 8 11 "0"
2497 19 NA "0"
2498 9 NA "0"
2499 16 NA "0"
2508 19 22 "0"
2510 5 8 "0"
2513 23 26 NA
2516 24 27 "0"
2517 10 13 NA
2518 NA NA "0"
2521 14 17 "0"
2522 12 15 "0"
2533 3 6 "0"
2535 20 NA "0"
2536 28 NA "0"
2538 19 22 "1"
2541 13 NA "0"
2542 12 NA "0"
2543 9 NA "0"
2544 6 NA "0"
2548 2 NA "0"
2550 2 5 "0"
2554 45 48 "0"
2555 18 NA "0"
2556 4 NA "0"
2557 10 13 "0"
2559 15 NA "0"
2561 13 NA "0"
2562 10 13 "0"
2563 12 NA "0"
2567 12 15 "0"
2568 23 26 "0"
2571 12 15 NA
2572 27 NA "0"
2573 72 75 "0"
2579 28 NA "0"
2584 14 NA "0"
2585 16 NA "0"
2588 3 NA "0"
2590 NA NA "0"
2591 22 NA "0"
2592 10 13 "0"
2596 19 22 "0"
2597 12 NA "0"
2602 30 NA "0"
2605 20 NA "0"
2606 12 NA "0"
2607 4 7 "0"
2608 135 138 "0"
2615 21 24 "0"
2616 24 NA "0"
2617 18 NA "0"
2618 21 24 "0"
2619 7 NA "0"
2620 2 NA "0"
2621 15 18 "0"
2622 27 NA "0"
2624 28 31 "0"
2627 14 NA "0"
2628 14 NA "0"
2629 12 15 "0"
2635 47 NA "0"
2637 20 23 "0"
2638 26 29 "0"
2639 25 NA "0"
2641 59 NA "0"
2642 18 NA "0"
2643 15 18 "0"
2648 53 NA "0"
2649 21 24 "0"
2650 12 NA "0"
2651 4 NA "0"
2652 46 49 "0"
2653 35 NA "0"
2659 21 24 "0"
2660 18 21 "0"
2662 14 NA "0"
2663 17 NA "0"
2664 12 15 "0"
2666 5 8 "0"
2667 9 12 "0"
2673 5 8 "0"
2674 47 50 "0"
2675 NA NA "0"
2676 NA NA "0"
2677 13 16 "0"
2678 15 NA "0"
2682 28 31 "0"
2683 NA NA "0"
2687 73 NA "0"
2688 23 26 "0"
2690 28 NA "0"
2691 12 NA "0"
2695 25 NA "0"
2696 14 17 "0"
2697 33 NA "0"
2698 13 16 "0"
2699 12 NA "0"
2700 42 45 "0"
2701 3 NA "0"
2706 21 24 "0"
2707 17 NA "0"
2708 32 NA "0"
2709 85 88 "0"
2710 35 38 "0"
2712 23 26 "0"
2713 23 26 "0"
2715 19 22 "0"
2716 12 15 "0"
2717 46 NA "0"
2718 45 48 "0"
2720 18 NA "0"
2721 24 NA "0"
2724 12 NA "0"
2725 18 21 "0"
2726 28 31 "0"
2728 35 38 "0"
2730 20 NA "0"
2731 13 16 "0"
2733 12 15 "0"
2735 6 NA "0"
2737 73 NA "0"
2739 45 NA "0"
2742 NA NA "0"
2743 31 NA "0"
2744 NA NA "0"
2746 23 26 "0"
2749 13 NA "0"
2751 NA NA "0"
2752 9 NA "0"
2757 NA NA "0"
2758 23 26 "0"
2759 3 6 "0"
2761 1 NA "0"
2762 81 NA "0"
2763 24 NA "0"
2765 15 18 "0"
2767 32 35 "0"
2768 20 23 "0"
2772 5 NA "0"
2773 31 NA "0"
2776 25 28 "0"
2777 46 49 "0"
2778 19 22 "0"
2780 66 69 "0"
2783 3 6 "0"
2784 10 13 "0"
2786 NA NA "0"
2787 22 25 "0"
2788 92 95 "0"
2789 40 NA "0"
2791 82 85 "0"
2793 34 37 "0"
2794 23 26 "0"
2795 NA NA "0"
2796 NA NA "0"
2797 5 8 "0"
2799 21 24 "0"
2800 32 35 "0"
2801 12 15 "0"
2803 NA NA "0"
2804 69 72 "0"
2806 25 28 "0"
2807 22 NA "0"
2808 14 NA "0"
2809 11 NA "0"
2810 11 14 "0"
2812 7 10 "0"
2814 27 NA "0"
2817 5 8 "0"
2818 15 18 "0"
2821 11 NA "0"
2822 3 NA "0"
2830 7 10 "0"
2831 15 18 NA
2832 13 NA "0"
2836 7 10 "0"
2844 9 12 "0"
2845 5 8 "0"
2847 53 56 "0"
2848 10 13 "0"
2853 14 17 "0"
2856 4 7 "0"
2859 5 8 "0"
2860 6 9 "0"
2861 2 NA "0"
2862 9 12 "0"
2865 10 NA "0"
2876 12 NA "0"
2877 9 12 "0"
2880 19 NA "0"
2881 15 18 "0"
2882 21 24 "0"
2885 5 8 "0"
2886 5 8 "0"
2887 14 NA "0"
2888 2 NA "0"
2889 31 NA "0"
2891 5 8 "0"
2895 4 7 NA
2901 6 9 "0"
2904 NA NA "0"
2905 6 NA "0"
2908 21 24 "0"
2909 12 15 "0"
2911 NA NA "0"
2914 9 12 "0"
2919 4 NA "0"
2920 6 9 "0"
2923 3 NA "0"
2925 4 7 "0"
2927 12 15 "0"
2929 7 10 "0"
2931 35 NA "0"
2932 12 NA "0"
2933 18 NA "0"
2934 13 16 "0"
2936 7 NA "0"
2937 9 12 "0"
2943 7 10 "1"
2944 26 29 "0"
2946 10 13 "0"
2948 12 15 "0"
2949 7 10 "0"
2952 NA NA "0"
2956 24 NA "0"
2957 12 15 "0"
2959 9 NA "0"
2961 19 22 "1"
2965 10 13 "0"
2966 6 9 "0"
2968 14 17 "0"
2971 7 NA "0"
2977 3 6 "0"
2979 16 19 "0"
2985 22 25 "0"
2986 29 32 "0"
2987 21 24 "0"
2988 12 15 "0"
2989 16 19 "0"
2991 NA NA "0"
2995 6 NA "0"
2996 20 23 "0"
2998 58 NA "0"
3001 19 22 "0"
3002 10 13 "1"
3003 7 NA "0"
3006 12 NA "0"
3009 30 33 "0"
3010 19 NA NA
3014 22 25 "0"
3016 7 NA "0"
3017 18 21 "0"
3018 15 NA "0"
3019 17 20 "0"
3022 20 NA "0"
3023 3 6 "0"
3024 24 NA "0"
3025 2 5 "0"
3028 14 17 "0"
3037 1 4 "0"
3038 20 23 NA
3039 7 10 "0"
3040 6 NA "0"
3042 7 10 "0"
3043 5 8 "0"
3045 9 12 "0"
3046 13 16 "0"
3047 3 6 "0"
3048 15 18 "0"
3050 19 NA "0"
3051 15 18 "0"
3053 13 16 "0"
3055 9 12 "0"
3056 11 14 "0"
3057 16 NA "0"
3059 9 12 "0"
3066 3 6 "0"
3068 1 4 "0"
3073 10 NA "0"
3074 9 12 "0"
3079 14 17 "0"
3084 2 NA "0"
3092 12 15 "0"
3095 5 NA "0"
3096 3 NA "0"
3099 12 15 "0"
3100 NA NA "0"
3101 5 NA NA
3102 15 18 "0"
3104 11 14 "0"
3113 7 NA "0"
3116 27 NA "0"
3117 13 16 "0"
3119 23 NA "0"
3125 27 NA "0"
3126 32 NA "0"
3129 8 NA "0"
3131 40 43 "0"
3132 15 NA "0"
3134 23 NA "0"
3139 22 25 "0"
3140 34 NA "0"
3144 11 14 "0"
3145 36 39 "0"
3148 12 NA "0"
3149 12 NA "0"
3152 9 12 "0"
3160 14 17 NA
3163 31 NA "0"
3164 59 NA "0"
3169 6 NA NA
3171 10 NA "0"
3174 6 NA "0"
3177 22 NA "0"
3178 3 NA "0"
3179 25 NA "0"
3183 63 NA "0"
3184 9 12 "1"
3188 12 15 "0"
3189 9 NA "0"
3191 9 NA "0"
3192 3 NA "0"
3196 6 NA "0"
3197 39 42 "0"
3199 12 15 "0"
3202 46 NA "0"
3204 13 16 "0"
3205 40 NA "0"
3208 46 49 "0"
3209 13 16 "0"
3210 30 NA NA
3214 9 NA "0"
3216 32 NA "0"
3218 13 NA "0"
3221 13 16 "0"
3225 1 NA "0"
3230 25 NA "0"
3237 4 7 "0"
3238 55 58 "0"
3243 1 NA "0"
3244 45 48 "0"
3245 29 NA "0"
3247 22 NA "0"
3250 1 4 "0"
3253 18 21 "0"
3254 32 NA "0"
3255 NA NA "0"
3257 NA NA "0"
3260 25 28 "0"
3265 12 15 "0"
3266 10 NA "0"
3270 12 NA "0"
3271 12 NA "0"
3272 12 15 "0"
3273 31 34 "0"
3274 13 16 "0"
3275 19 22 "0"
3276 31 NA "0"
3277 14 17 NA
3278 29 32 "0"
3281 11 14 "0"
3283 12 15 "0"
3284 19 NA NA
3285 45 48 NA
3286 NA NA "0"
3287 20 NA "0"
3288 4 NA "0"
3290 5 NA "0"
3295 61 NA "0"
3296 39 NA "0"
3297 52 NA NA
3300 23 26 "0"
3302 12 15 "0"
3304 10 NA "0"
3305 NA NA "0"
3309 35 NA "0"
3312 16 NA "0"
3313 10 13 "0"
3314 11 14 "0"
3319 43 NA "0"
3326 19 22 "0"
3327 17 20 "0"
3328 44 47 "0"
3330 25 NA "0"
3332 8 11 "0"
3334 11 NA "0"
3336 16 19 "0"
3337 74 77 "0"
3340 7 10 "0"
3342 71 NA "0"
3343 20 23 "0"
3350 29 NA "0"
3351 34 37 "0"
3352 20 23 "0"
3353 23 26 "0"
3354 30 33 "0"
3356 51 54 "0"
3358 1 NA "0"
3360 44 47 "0"
3361 13 NA "0"
3363 7 10 NA
3365 6 NA "0"
3369 18 NA "0"
3370 67 70 "0"
3371 12 NA "0"
3373 7 10 "0"
3374 26 NA "0"
3375 18 21 "0"
3376 53 NA "0"
3378 10 NA NA
3380 5 8 "1"
3381 4 7 NA
3383 18 NA "0"
3386 13 16 "0"
3388 12 15 "0"
3392 16 NA "0"
3396 32 NA "0"
3398 4 NA NA
3399 97 100 "0"
3407 8 NA "0"
3408 21 NA "0"
3409 NA NA "0"
3411 7 NA "0"
3413 NA NA "0"
3417 2 5 "0"
3419 3 6 "0"
3421 49 52 "0"
3422 33 NA "0"
3427 18 21 "0"
3429 20 NA "0"
3431 14 NA "0"
3432 13 16 "0"
3433 30 33 "0"
3434 25 28 "0"
3435 NA NA "0"
3446 14 17 NA
3447 9 12 "0"
3451 10 13 "0"
3453 23 26 "0"
3458 7 10 "0"
3459 1 NA "0"
3461 NA NA "0"
3465 14 NA "0"
3471 23 NA "0"
3473 7 NA "0"
3475 26 29 "0"
3477 9 NA "0"
3481 14 NA "0"
3485 6 NA "0"
3486 14 17 "0"
3489 5 NA "0"
3490 13 NA "0"
3491 3 NA "0"
3492 4 NA "0"
3496 11 NA "0"
3497 11 14 "0"
3502 8 NA "0"
3504 3 6 "0"
3507 7 10 "0"
3510 8 NA "0"
3520 7 NA "0"
3524 13 NA "0"
3529 NA NA "0"
3533 20 NA "0"
3538 10 NA "0"
3540 31 34 "0"
3541 18 NA "0"
3542 15 NA "0"
3545 11 14 "0"
3546 9 12 "0"
3547 8 11 "0"
3548 7 10 "0"
3550 4 NA "0"
3552 3 6 "0"
3555 5 8 "0"
3558 6 9 "0"
3559 2 5 "0"
3561 14 17 "0"
3562 3 NA "0"
3568 NA NA "0"
3571 19 NA "0"
3573 14 NA "0"
3575 30 NA "0"
3576 18 21 "0"
3577 33 36 "0"
3580 21 24 "0"
3581 10 NA "0"
3583 16 NA "0"
3586 16 NA "0"
3589 6 9 "0"
3593 25 NA "0"
3598 16 NA "0"
3600 20 NA "0"
3604 33 NA "0"
3608 10 NA "0"
3609 4 7 "0"
3613 3 NA "0"
3617 2 NA "0"
3618 11 NA "0"
3622 13 NA "0"
3624 7 10 "0"
3626 7 10 "0"
3629 7 10 "0"
3631 10 13 "0"
3636 7 10 "0"
3638 41 NA "0"
3639 12 15 "0"
3640 NA NA "0"
3645 26 NA "0"
3646 12 NA "0"
3650 13 16 "0"
3655 8 NA "0"
3656 13 16 "0"
3660 7 10 "0"
3662 2 NA "0"
3664 16 NA "0"
3666 NA NA "0"
3667 13 NA "0"
3669 NA NA "0"
3670 11 14 "0"
3671 15 18 "0"
3672 10 13 "0"
3674 7 10 "0"
3676 14 17 "0"
3677 12 15 "0"
3678 4 7 "0"
3679 3 6 "0"
3685 15 18 "0"
3686 80 83 NA
3690 4 7 "0"
3694 2 5 "0"
3695 15 NA "0"
3699 5 8 "0"
3701 7 NA "0"
3703 92 NA "0"
3704 37 40 "0"
3705 32 35 "0"
3706 9 12 "0"
3707 18 NA "0"
3713 24 NA "0"
3714 12 15 "0"
3719 4 7 "0"
3720 21 24 "0"
3724 12 15 NA
3725 9 NA "0"
3726 22 NA "0"
3727 19 22 "0"
3728 18 21 "0"
3729 6 NA "0"
3731 12 15 "0"
3733 32 NA "0"
3734 13 NA "0"
3735 19 22 "0"
3736 20 NA "0"
3737 26 29 "0"
3739 17 20 "0"
3740 16 19 "0"
3742 13 16 "0"
3747 7 NA NA
3748 20 23 "0"
3751 30 33 "0"
3752 18 21 "0"
3759 7 10 "0"
3767 12 NA "0"
3769 14 17 "0"
3771 24 27 "0"
3772 15 18 "0"
3773 1 NA "0"
3774 6 NA "0"
3775 6 9 "0"
3778 23 26 "0"
3779 19 22 "0"
3781 14 NA "0"
3784 32 NA "0"
3788 13 16 "0"
3789 4 NA "0"
3792 6 NA "0"
3793 15 NA NA
3794 24 27 "0"
3797 13 NA "0"
3798 15 NA "0"
3799 12 15 "0"
3800 10 13 "0"
3802 7 10 "0"
3803 2 NA "0"
3804 31 34 "0"
3805 72 NA "0"
3807 16 19 "0"
3808 32 NA "0"
3809 30 NA "0"
3811 20 23 "0"
3812 16 NA "0"
3814 11 NA "0"
3821 23 NA "0"
3825 1 NA "0"
3827 12 NA "0"
3830 47 NA "0"
3831 15 18 "0"
3834 NA NA "0"
3835 NA NA "0"
3837 14 17 "0"
3838 27 30 "0"
3839 28 31 "0"
3841 8 11 "0"
3842 NA NA "0"
3844 86 89 "0"
3845 5 8 "0"
3846 26 29 "0"
3847 28 NA "0"
3854 38 41 "0"
3855 25 28 "0"
3856 10 13 "0"
3857 29 32 "0"
3858 6 NA "0"
3859 44 NA "0"
3860 30 33 "0"
3861 14 17 "0"
3862 5 8 "0"
3865 11 NA "0"
3867 2 5 "0"
3869 13 16 NA
3870 12 15 "0"
3872 7 10 "0"
3873 31 NA "0"
3874 11 NA "0"
3877 17 20 "0"
3878 13 16 "0"
3880 12 NA "0"
3881 14 17 "0"
3882 33 36 "0"
3887 NA NA "0"
3889 17 20 "0"
3890 5 8 "0"
3891 5 8 "0"
3892 5 8 "0"
3894 20 23 "0"
3897 21 NA "0"
3898 32 35 "0"
3899 17 20 "0"
3900 NA NA "0"
3901 24 27 "0"
3902 42 45 "0"
3903 32 35 "0"
3905 22 NA NA
3907 31 NA "0"
3909 20 NA "0"
3910 17 20 "0"
3911 16 NA "0"
3914 11 NA "0"
3915 19 NA "0"
3918 29 32 "0"
3919 NA NA "0"
3920 25 NA "0"
3923 11 NA "0"
3925 23 26 "0"
3926 23 26 "0"
3927 23 26 "0"
3929 12 15 "0"
3930 12 15 "0"
3932 34 NA "0"
3934 10 13 "0"
3936 11 NA "0"
3942 50 53 "0"
3944 2 5 "0"
3946 62 65 "0"
3947 32 35 "0"
3953 27 NA "0"
3956 5 8 "0"
3958 11 14 "0"
3959 20 23 "0"
3961 44 47 "0"
3962 34 37 "0"
3963 44 NA NA
3965 3 6 "0"
3967 27 30 NA
3969 7 10 "0"
3970 12 15 NA
3971 10 13 "0"
3972 30 33 "0"
3973 26 NA "0"
3974 28 31 "0"
3975 17 20 "0"
3976 50 53 "0"
3977 26 29 "0"
3979 19 22 "0"
3980 NA NA NA
3981 20 23 "0"
3983 1 4 "0"
3984 18 21 "0"
3985 10 13 "0"
3987 29 32 "0"
3989 29 32 "0"
3992 9 12 "0"
3994 44 47 "0"
3996 6 9 "0"
3997 6 9 "0"
3998 NA NA NA
4000 19 NA NA
4001 6 9 "0"
4002 NA NA "0"
4003 NA NA "0"
4004 NA NA "0"
4009 12 15 "0"
4010 NA NA "0"
4012 NA NA "0"
4013 31 34 "0"
4015 130 133 "0"
4016 NA NA "0"
4017 10 NA "0"
4018 14 17 "0"
4020 92 NA "0"
4022 34 37 "0"
4024 45 48 "0"
4025 9 12 "0"
4027 NA NA "0"
4028 47 50 NA
4029 NA NA "0"
4030 NA NA "0"
4031 NA NA "0"
4033 NA NA "0"
4034 NA NA "0"
4035 12 15 "0"
4038 NA NA "0"
4039 25 28 "0"
4040 NA NA "0"
4041 NA NA "0"
4042 76 79 "0"
4043 NA NA "0"
4044 NA NA "0"
4045 4 NA "0"
4047 35 38 "0"
4049 NA NA "0"
4050 NA NA "0"
4051 12 15 "0"
4052 31 34 "0"
4056 NA NA "0"
4057 29 NA "0"
4058 68 NA "0"
4060 NA NA "0"
4061 NA NA "0"
4062 12 15 "0"
4065 88 91 NA
4068 92 NA "0"
4069 12 15 "0"
4070 5 8 "0"
4073 12 NA "0"
4074 13 16 "0"
4075 NA NA "0"
4076 NA NA "0"
4077 NA NA "0"
4080 82 85 "0"
4082 25 28 "0"
4083 5 8 "0"
4084 NA NA "0"
4086 NA NA "0"
4088 29 32 "0"
4089 52 55 "0"
4090 NA NA "0"
4091 73 76 "0"
4092 NA NA "0"
4095 19 22 "0"
4096 59 62 "0"
4098 32 35 "0"
4099 65 68 "0"
4100 NA NA "0"
4101 NA NA "0"
4102 5 8 "0"
4103 18 21 "0"
4104 NA NA "0"
4105 23 26 "0"
4106 22 25 "0"
4107 3 6 "0"
4109 5 8 "0"
4110 30 33 "0"
4111 NA NA "0"
4112 32 35 "0"
4113 9 12 "0"
4114 NA NA "0"
4116 33 36 "0"
4117 NA NA "0"
4119 NA NA "0"
4120 54 57 "0"
4121 NA NA "0"
4122 NA NA "0"
4123 12 15 "0"
4124 58 61 "0"
4125 31 34 "0"
4127 NA NA "0"
4130 41 NA "0"
4133 NA NA "0"
4134 NA NA "0"
4136 NA NA "0"
4137 NA NA "0"
4138 64 67 "0"
4140 15 18 "0"
4141 28 31 "0"
4142 NA NA "0"
4143 NA NA "0"
4144 67 70 "0"
4146 NA NA "0"
4147 9 12 "0"
4148 NA NA "0"
4149 NA NA "0"
4150 NA NA "0"
4151 NA NA "0"
4152 0 3 "0"
4153 43 46 "0"
4154 7 10 "0"
4155 6 9 "0"
4156 NA NA "0"
4157 43 NA "0"
4160 NA NA "0"
4161 3 6 "0"
4162 28 31 "0"
4163 23 26 "0"
4164 41 44 "0"
4165 NA NA "0"
4166 NA NA "0"
4167 85 88 "0"
4168 NA NA "0"
4170 5 8 "0"
4171 83 86 "0"
4172 12 15 "0"
4173 66 69 "0"
4174 NA NA "0"
4176 NA NA "0"
4180 NA NA "0"
4181 NA NA "0"
4183 NA NA "0"
4185 73 76 "0"
4187 70 73 "1"
4188 13 16 "0"
4189 12 15 "0"
4190 44 47 "0"
4191 NA NA "0"
4192 92 NA "0"
4194 NA NA "0"
4195 3 6 "0"
4196 42 45 "0"
4197 12 15 "0"
4198 12 15 "0"
4200 88 91 "0"
4202 NA NA "0"
4203 NA NA "0"
4204 NA NA "0"
4205 33 36 "0"
4206 NA NA "0"
4207 NA NA "0"
4208 23 26 "0"
4209 NA NA "0"
4213 NA NA "0"
4216 43 46 "0"
4217 14 17 "0"
4218 20 23 "0"
4219 92 NA "0"
4220 NA NA "0"
4223 41 44 "0"
4224 NA NA "0"
4225 14 17 "0"
4226 NA NA "0"
4228 7 10 "0"
4229 81 84 "0"
4230 63 66 "0"
4232 34 37 "0"
4233 NA NA "0"
4234 NA NA "0"
4235 NA NA "0"
4237 32 NA "0"
4238 14 17 "0"
4239 NA NA "0"
4240 10 13 "0"
4242 NA NA "0"
4243 65 68 "0"
4244 59 62 "0"
4245 NA NA "0"
4247 NA NA "0"
4249 50 NA "0"
4251 10 13 "0"
4252 NA NA "0"
4253 85 88 "0"
4254 NA NA "0"
4255 NA NA "0"
4256 NA NA "0"
4259 59 62 "0"
4262 NA NA "0"
4263 NA NA "0"
4265 12 15 "0"
4266 34 37 "0"
4268 NA NA "0"
4269 NA NA "0"
4270 NA NA "0"
4272 NA NA "0"
4274 NA NA "0"
4275 1 4 "0"
4276 35 38 "0"
4277 NA NA "0"
4278 NA NA "0"
4279 12 NA "0"
4281 NA NA "0"
4282 NA NA "0"
4283 NA NA "0"
4284 NA NA "0"
4287 NA NA "0"
4288 NA NA "0"
4289 102 105 "0"
4290 67 70 "0"
4291 NA NA "0"
4292 NA NA "0"
4293 46 49 "0"
4295 NA NA "0"
4297 NA NA "0"
4298 96 99 "0"
4299 6 9 "0"
4300 5 8 "0"
4301 3 6 NA
4302 12 15 "0"
4304 NA NA "0"
4305 107 110 "0"
4306 7 10 "0"
4310 NA NA "0"
4311 67 70 "0"
4312 40 43 "0"
4315 13 16 "0"
4316 92 NA "0"
4318 119 122 "0"
4321 NA NA "0"
4322 NA NA "0"
4324 NA NA "0"
4327 NA NA "0"
4329 NA NA "0"
4330 33 36 "0"
4333 NA NA "0"
4334 9 12 "0"
4335 5 8 "0"
4336 46 49 "0"
4337 NA NA "0"
4338 23 NA "0"
4339 26 29 "0"
4340 NA NA "0"
4341 73 76 "0"
4342 71 74 "0"
4343 NA NA "0"
4347 28 31 "0"
4348 27 30 "0"
4351 3 6 "0"
4352 NA NA "0"
4353 NA NA "0"
4354 39 NA "0"
4355 12 15 "0"
4356 NA NA "0"
4357 NA NA "0"
4359 20 23 "0"
4361 12 15 "0"
4362 3 6 "0"
4363 22 25 "0"
4364 NA NA "0"
4365 NA NA "0"
4366 NA NA "0"
4367 18 21 "0"
4369 11 14 "0"
4370 12 NA "0"
4371 NA NA "0"
4373 75 78 "0"
4374 68 71 "0"
4375 NA NA "0"
4376 32 35 "0"
4377 NA NA "0"
4378 NA NA "0"
4379 NA NA "0"
4380 47 50 "0"
4381 NA NA "0"
4382 33 36 "0"
4383 NA NA "0"
4384 NA NA "0"
4385 10 13 "0"
4387 92 NA "0"
4388 NA NA "0"
4389 33 36 "0"
4390 NA NA "0"
4392 NA NA "0"
4394 17 20 "0"
4396 NA NA "0"
4397 NA NA "0"
4398 2 5 "0"
4399 NA NA "0"
4402 NA NA "0"
4403 NA NA "0"
4404 NA NA "0"
4405 32 35 "0"
4406 NA NA "0"
4407 4 7 "0"
4409 14 17 "0"
4410 12 15 "0"
4411 4 7 "0"
4412 13 16 "0"
4414 2 5 "0"
4415 11 NA "0"
4416 92 NA "0"
4417 NA NA "0"
4418 NA NA "0"
4422 NA NA "0"
4423 NA NA "0"
4425 13 16 "0"
4426 85 88 "0"
4427 NA NA "0"
4429 67 70 "0"
4433 15 18 "0"
4434 15 18 "0"
4436 NA NA "0"
4438 6 9 "0"
4439 NA NA "0"
4440 14 17 "0"
4441 6 9 "0"
4443 NA NA "0"
4444 17 20 "0"
4445 NA NA "0"
4446 14 17 "0"
4448 6 9 "0"
4449 3 6 "0"
4453 NA NA "0"
4454 14 17 "0"
4459 17 20 "0"
4460 30 33 "0"
4461 44 47 "0"
4462 NA NA "0"
4463 36 39 "0"
4465 31 NA "0"
4466 NA NA "0"
4467 NA NA "0"
4468 20 23 "0"
4469 NA NA "0"
4470 12 15 "0"
4471 5 NA "0"
4472 NA NA "0"
4473 5 8 "0"
4474 33 36 "0"
4475 10 NA "0"
4476 92 NA "0"
4478 31 34 "0"
4479 20 23 "0"
4480 19 22 "0"
4483 33 36 "0"
4484 NA NA "0"
4485 NA NA "0"
4486 NA NA "0"
4488 NA NA "0"
4489 NA NA "0"
4492 NA NA "0"
4493 8 11 "0"
4495 NA NA "0"
4496 NA NA "0"
4498 11 14 "0"
4500 14 17 "0"
4502 3 6 "0"
4503 12 15 "0"
4504 NA NA "0"
4505 NA NA "0"
4507 5 8 "0"
4510 13 16 "0"
4511 14 17 "0"
4512 28 31 "0"
4514 NA NA "0"
4516 NA NA "0"
4517 24 27 "0"
4518 16 NA "0"
4521 21 24 "0"
4522 59 62 "0"
4523 NA NA "0"
4524 20 23 "0"
4528 12 15 "0"
4529 NA NA "0"
4530 22 25 "0"
4531 3 6 "0"
4532 NA NA "0"
4533 6 9 "0"
4534 31 34 "0"
4535 NA NA "0"
4538 NA NA "0"
4541 20 23 "0"
4542 12 NA "0"
4543 NA NA "0"
4547 32 35 "0"
4548 64 67 "0"
4549 31 34 "0"
4550 NA NA "0"
4551 73 76 "0"
4555 23 26 "0"
4561 NA NA "0"
4562 12 15 "0"
4565 30 33 "0"
4566 9 NA "0"
4571 46 49 "0"
4574 4 7 "0"
4575 1 4 "0"
4576 4 7 "0"
4579 56 59 "0"
4580 7 10 "0"
4583 89 92 "0"
4586 60 NA "0"
4587 11 14 "0"
4589 41 44 "0"
4599 4 7 "0"
4602 NA NA "0"
4603 12 15 "0"
4606 11 14 "0"
4608 27 30 "0"
4618 18 21 "0"
4619 9 12 "0"
4621 8 11 "0"
4624 4 7 "0"
4627 18 NA "0"
4633 7 10 "0"
4636 2 5 "0"
4639 16 NA "0"
4641 8 11 "0"
4644 10 NA "0"
4652 29 NA "0"
4657 24 27 "0"
4659 20 23 "0"
4660 20 23 "0"
4664 21 24 "0"
4665 23 26 "0"
4666 10 13 "0"
4667 8 11 "0"
4668 41 44 "0"
4669 10 13 "0"
4673 6 NA "0"
4678 5 8 "0"
4679 24 NA "0"
4680 29 32 "0"
4681 31 NA "0"
4683 13 NA "0"
4684 23 NA "0"
4687 27 NA "0"
4688 12 15 "0"
4689 1 NA "0"
4690 7 10 "0"
4691 17 NA "0"
4692 12 15 "0"
4693 18 NA "0"
4699 7 10 "0"
4700 4 7 "0"
4703 27 NA "0"
4704 29 NA "0"
4705 17 20 "0"
4706 12 15 "0"
4710 6 NA "0"
4711 23 NA "0"
4712 22 25 "0"
4713 15 18 "0"
4714 8 11 "0"
4719 11 14 "0"
4722 11 14 NA
4724 9 12 "0"
4729 9 12 "0"
4733 6 NA "0"
4741 26 NA "0"
4742 NA NA "0"
4745 20 23 "0"
4747 13 NA "0"
4748 22 NA "0"
4752 32 NA NA
4753 NA NA "0"
4755 10 13 "0"
4756 NA NA "0"
4758 23 26 "0"
4759 20 NA "0"
4761 10 13 "0"
4763 18 21 "0"
4764 8 NA "0"
4765 7 NA "0"
4771 0 NA "0"
4772 12 15 "0"
4775 24 27 "0"
4776 23 26 "0"
4780 19 22 "0"
4781 17 20 "0"
4791 42 NA "0"
4794 17 NA "0"
4807 9 12 "0"
4808 14 17 "0"
4810 4 7 "0"
4812 NA NA "0"
4820 13 16 "0"
4821 12 NA "0"
4825 31 34 "0"
4828 9 12 "0"
4829 12 15 NA
4831 2 5 "0"
4833 NA NA "0"
4834 27 30 "0"
4837 14 NA NA
4841 8 11 "0"
4842 35 38 "0"
4843 7 10 "0"
4844 25 28 "0"
4845 16 NA "0"
4847 4 7 "0"
4849 8 11 "0"
4852 17 NA "0"
4854 13 16 "0"
4855 16 NA NA
4856 16 19 "0"
4859 10 13 "0"
4862 22 25 "0"
4863 NA NA "0"
4864 19 22 "0"
4868 52 55 "0"
4869 12 NA "0"
4870 5 8 "0"
4871 5 8 "0"
4873 10 NA "0"
4875 30 NA "0"
4878 12 NA "0"
4881 26 29 "0"
4883 18 21 "0"
4884 12 15 "0"
4886 11 NA "0"
4888 26 NA "0"
4890 5 8 "0"
4892 40 43 "0"
4893 42 45 "0"
4894 35 38 "0"
4895 20 23 "0"
4902 7 10 "0"
4906 9 NA "0"
4907 9 12 "0"
4911 4 NA "0"
4912 67 70 "0"
4915 43 46 "0"
4916 24 27 "0"
4917 32 NA "0"
4919 19 NA "0"
4920 11 NA "0"
4925 8 11 "0"
4929 7 NA "0"
4933 52 55 "0"
4938 31 NA "0"
4939 29 32 "0"
4940 26 NA "0"
4944 22 NA "0"
4945 19 NA "0"
4955 15 18 "0"
4958 12 15 "0"
4960 12 NA "0"
4963 11 14 "0"
4968 11 14 "0"
4969 9 12 "0"
4970 23 26 "0"
4975 3 6 "0"
4979 13 NA "0"
4984 2 5 "0"
4986 35 38 "0"
4987 7 10 "0"
4990 7 10 "0"
4992 3 6 "0"
4993 13 16 "0"
4995 40 43 "0"
4996 12 15 "0"
4997 62 NA "0"
4998 24 27 "0"
5002 88 91 "0"
5003 40 43 "0"
5007 15 18 NA
5009 14 17 "0"
5014 8 11 "0"
5017 13 16 "0"
5018 15 18 "0"
5020 7 10 "0"
5024 10 13 "0"
5026 53 56 "0"
5029 40 43 "0"
5030 24 27 "0"
5032 19 22 "0"
5033 NA NA "0"
5035 35 NA "0"
5049 9 NA "0"
5050 28 NA "0"
5056 7 NA "0"
5058 5 8 "0"
5059 21 24 "0"
5061 27 NA "0"
5062 32 35 "0"
5069 12 NA "0"
5070 10 13 "0"
5072 7 10 "0"
5073 6 NA "0"
5075 16 NA "0"
5078 51 54 "0"
5079 8 11 "0"
5081 30 33 "0"
5082 26 29 "0"
5084 11 14 "0"
5086 12 15 "0"
5088 44 47 "0"
5093 12 15 "0"
5094 12 15 "0"
5098 9 12 "0"
5099 8 11 "0"
5101 3 6 "0"
5105 NA NA "0"
5109 16 19 "0"
5110 9 NA "0"
5113 14 17 "0"
5115 38 41 "0"
5118 NA NA "0"
5123 6 NA "0"
5124 2 NA "0"
5125 9 12 "0"
5130 33 36 "0"
5132 5 8 "0"
5135 3 NA "0"
5137 7 NA "0"
5138 19 22 "0"
5151 28 31 "0"
5152 14 NA "0"
5153 52 55 "0"
5154 4 NA "0"
5161 19 22 "0"
5162 6 9 "0"
5165 13 16 "0"
5166 14 17 "0"
5170 94 NA "0"
5171 10 NA NA
5174 12 NA "0"
5176 10 13 "0"
5178 5 NA "0"
5180 24 27 "0"
5182 18 21 "0"
5184 15 18 "0"
5187 4 NA "0"
5190 5 NA "0"
5191 5 8 "0"
5193 12 NA "0"
5196 14 17 "0"
5198 31 NA "0"
5199 20 23 "0"
5202 11 14 "0"
5203 7 NA "0"
5205 4 7 "0"
5208 19 22 "0"
5210 14 17 "0"
5211 12 15 "0"
5213 8 11 "0"
5215 14 17 "0"
5218 9 NA "0"
5219 13 16 "0"
5220 30 NA "0"
5222 3 6 "0"
5224 7 NA "0"
5227 26 29 "0"
5229 18 NA "0"
5230 17 20 "0"
5234 13 16 "0"
5243 10 NA "0"
5250 9 12 "0"
5254 12 15 "0"
5257 20 NA NA
5258 18 21 "0"
5260 55 NA "0"
5263 12 15 "0"
5267 10 13 "0"
5269 6 9 "0"
5271 17 NA "0"
5274 15 18 "0"
5278 20 23 "0"
5279 6 NA NA
5281 4 NA "0"
5284 14 17 "0"
5285 18 21 "0"
5286 32 NA "0"
5287 20 23 "0"
5288 16 19 "0"
5289 11 NA "0"
5291 10 NA "0"
5292 8 11 "0"
5294 3 NA "0"
5295 3 6 "0"
5296 15 18 "0"
5297 0 NA "0"
5299 5 8 "0"
5300 3 NA "0"
5301 14 17 "0"
5305 8 11 "0"
5314 12 NA "0"
5317 12 NA "0"
5319 7 NA "0"
5320 6 9 "0"
5321 19 22 "0"
5323 56 59 "0"
5324 30 NA "0"
5329 8 NA "0"
5334 7 10 "0"
5339 NA NA "0"
5340 6 9 "0"
5341 6 9 "0"
5342 6 9 "0"
5343 11 14 "0"
5344 8 11 "0"
5348 6 NA "0"
5354 12 15 "0"
5355 12 15 "0"
5358 10 NA "0"
5359 10 13 "0"
5360 9 12 "0"
5362 3 6 "0"
5365 18 NA "0"
5366 17 NA "0"
5367 14 17 "0"
5372 39 NA "0"
5373 31 34 "0"
5374 23 NA "0"
5377 NA NA "0"
5379 8 11 "0"
5381 6 9 "0"
5382 31 NA "0"
5384 19 NA "0"
5385 29 NA "0"
5392 4 7 "0"
5394 31 34 "0"
5396 23 26 "0"
5402 18 21 "0"
5406 34 37 "0"
5409 38 NA "0"
5410 31 NA "0"
5412 20 23 "0"
5414 15 NA "0"
5415 13 NA "0"
5417 10 13 "0"
5420 17 20 "0"
5424 7 10 "0"
5427 12 15 "0"
5429 92 95 "0"
5430 60 63 "0"
5431 35 NA "0"
5433 14 17 "0"
5436 9 12 NA
5439 5 NA "0"
5440 NA NA "0"
5441 3 6 "0"
5443 12 NA "0"
5448 13 NA "0"
5450 32 NA "0"
5451 32 NA "0"
5452 20 23 "0"
5456 18 NA "0"
5457 16 NA "0"
5460 12 NA "0"
5461 NA NA "0"
5462 9 12 "0"
5467 7 10 "0"
5474 31 NA "0"
5475 29 NA "0"
5478 24 27 "0"
5479 6 9 "0"
5480 23 26 "0"
5482 19 22 "0"
5483 NA NA "0"
5485 17 NA "0"
5486 19 NA "0"
5489 15 NA "0"
5490 8 NA "0"
5491 15 18 "0"
5492 15 18 "0"
5493 14 NA "0"
5495 12 NA "0"
5498 11 14 "0"
5499 5 NA "0"
5500 11 14 "0"
5502 7 NA "0"
5503 27 NA "0"
5504 6 9 "0"
5505 6 9 "0"
5507 5 NA "0"
5509 5 8 "0"
5512 4 7 "0"
5514 3 6 "0"
5517 2 5 "0"
5518 2 5 "0"
5519 19 22 "0"
5521 7 10 "0"
5522 11 14 "0"
5523 1 NA "0"
5524 11 14 "0"
5525 7 NA "0"
5528 5 NA "0"
5533 6 NA "0"
5536 11 14 "0"
5538 7 10 "0"
5539 24 27 "0"
5540 4 7 NA
5541 12 NA "0"
5551 5 8 "0"
5553 3 6 "0"
5554 2 5 NA
5561 9 12 "0"
5563 2 5 "0"
5564 21 24 "0"
5565 11 14 NA
5566 5 8 "0"
5569 10 NA "0"
5570 8 11 "0"
5572 19 22 "0"
5573 11 NA "0"
5576 19 22 "0"
5577 8 11 "0"
5578 20 NA "0"
5584 15 NA "0"
5586 17 NA "0"
5590 34 37 "0"
5594 12 NA "0"
5595 12 15 "0"
5599 9 NA "0"
5602 2 5 "0"
5607 13 16 "0"
5609 12 NA "0"
5618 3 6 "0"
5619 2 NA "0"
5620 2 5 "0"
5624 20 NA "0"
5639 14 17 "0"
5640 12 NA "0"
5646 2 5 "0"
5661 10 NA "0"
5663 11 14 "0"
5664 10 13 "0"
5669 9 NA "0"
5670 6 9 "0"
5671 5 8 "0"
5679 3 NA "0"
5680 3 6 "0"
5682 8 11 "0"
5688 4 NA "0"
5690 9 12 "0"
5691 8 NA NA
5701 7 10 "0"
5702 32 35 "0"
5706 7 NA "0"
5707 3 NA "0"
5709 13 NA "0"
5711 11 14 "0"
5716 6 NA "0"
5718 6 NA "0"
5719 6 9 "0"
5720 2 5 "0"
5723 8 NA "0"
5725 6 9 "0"
5729 13 NA "0"
5730 10 NA "0"
5734 19 22 "0"
5743 NA NA "0"
5744 6 NA "0"
5745 3 NA "0"
5747 2 5 "0"
5751 4 7 "0"
5752 6 9 "0"
5755 15 18 "0"
5757 12 15 "0"
5758 8 NA "0"
5759 8 11 NA
5763 20 23 "0"
5764 2 5 "0"
5766 3 NA "0"
5767 9 12 NA
5768 3 NA "0"
5770 23 26 "0"
5772 9 12 "0"
5777 15 NA "0"
5778 9 12 "0"
5780 3 6 "0"
5786 2 5 "0"
5787 4 7 "0"
5790 2 5 "0"
5791 42 NA "0"
5792 10 13 "0"
5793 11 14 "0"
5795 8 11 "0"
5798 6 9 "0"
5802 3 6 "0"
5804 1 NA "0"
5809 2 NA "0"
5815 7 NA "0"
5818 1 4 "0"
5819 80 83 "0"
5822 6 NA "0"
5823 5 8 "0"
5827 1 4 "0"
5830 8 11 "0"
5834 5 8 "0"
5839 13 NA "0"
5841 7 10 "0"
5842 7 10 "0"
5843 NA NA "0"
5846 13 16 "0"
5849 36 NA "0"
5855 6 9 "0"
5856 6 9 "0"
5858 3 6 NA
5865 7 10 "0"
5866 6 9 "0"
5868 4 7 "0"
5870 11 NA "0"
5873 20 23 "0"
5874 1 4 "0"
5880 11 14 "0"
5884 5 8 "0"
5885 3 6 "0"
5889 10 13 "0"
5892 11 14 "0"
5894 7 NA "0"
5895 21 24 "1"
5896 6 9 "0"
5897 10 NA "0"
5901 NA NA "0"
5903 9 12 "0"
5905 6 NA "0"
5906 7 NA "0"
5907 2 5 "0"
5913 7 10 "0"
5917 NA NA "0"
5919 1 4 "0"
5920 5 NA "0"
5922 3 6 "0"
5927 11 14 "0"
5928 NA NA "0"
5930 10 13 "0"
5931 12 15 "0"
5932 27 30 "0"
5934 5 NA "0"
5938 4 NA "0"
5942 7 10 "0"
5945 13 NA "0"
5948 7 NA "0"
5952 2 NA "0"
5954 NA NA "0"
5956 19 22 "0"
5960 30 33 "0"
5961 11 NA "0"
5968 17 NA "0"
5970 24 27 "0"
5971 9 12 "0"
5972 NA NA "0"
5973 6 9 "0"
5980 6 9 "0"
5983 11 NA "0"
5984 8 11 "0"
5992 10 NA "0"
5993 5 8 "0"
5994 4 NA "0"
5995 27 NA "0"
5996 1 4 "0"
5997 17 20 "0"
5998 20 23 "0"
6000 8 11 "0"
6003 6 NA "0"
6004 1 NA "0"
6007 16 NA "0"
6008 10 NA "0"
6011 20 23 NA
6013 24 NA "0"
6017 32 NA "0"
6022 4 7 "0"
6023 11 14 "0"
6025 2 NA "0"
6027 11 14 "0"
6028 4 NA "0"
6030 16 NA NA
6031 4 NA "0"
6037 11 14 "0"
6039 5 8 "0"
6040 12 15 "0"
6042 9 12 "0"
6043 5 8 "0"
6044 20 23 "0"
6045 10 13 "0"
6049 5 8 "0"
6051 5 8 "0"
6055 3 6 "0"
6060 15 18 "0"
6061 18 NA "0"
6062 7 10 "0"
6066 14 17 "0"
6068 10 NA "0"
6069 11 14 "0"
6071 8 11 "0"
6072 8 NA "0"
6077 3 NA "0"
6079 24 27 "0"
6089 25 NA "0"
6092 NA NA "0"
6093 13 NA "0"
6095 8 11 "0"
6096 1 4 "0"
6097 1 NA "0"
6098 23 NA "0"
6100 12 NA "0"
6101 18 NA "0"
6102 16 19 "0"
6104 16 NA "0"
6106 16 19 "0"
6109 10 NA "0"
6110 13 16 "0"
6112 12 15 "0"
6113 11 14 "0"
6114 NA NA "0"
6115 10 NA "0"
6116 8 NA "0"
6117 16 NA "0"
6118 23 26 "0"
6122 17 NA "0"
6125 4 NA "0"
6126 20 23 "0"
6130 42 NA "0"
6132 4 NA "0"
6133 15 18 "0"
6134 20 23 "0"
6137 14 NA "0"
6139 11 14 "0"
6141 5 8 "0"
6143 15 NA "0"
6146 NA NA "0"
6147 16 19 "0"
6149 15 18 "0"
6151 11 NA "0"
6152 7 NA "0"
6153 20 23 "0"
6154 4 NA "0"
6155 42 NA "0"
6157 17 NA "0"
6162 15 NA "0"
6163 18 NA "0"
6164 7 NA "0"
6165 5 8 "0"
6168 13 16 "0"
6171 11 14 "0"
6174 4 7 "0"
6175 18 21 "0"
6176 18 21 "0"
6180 6 NA "0"
6182 NA NA "0"
6184 14 NA "0"
6185 85 88 "0"
6186 32 35 "0"
6188 12 NA "0"
6189 12 NA "0"
6191 11 14 "0"
6193 11 NA "0"
6196 NA NA "0"
6201 8 NA "0"
6203 5 8 "0"
6205 5 NA "0"
6206 3 6 "0"
6207 3 NA "0"
6209 2 5 "0"
6213 24 27 "0"
6216 22 NA "0"
6217 17 20 "0"
6218 18 NA "0"
6221 14 17 "0"
6222 13 16 "0"
6223 13 NA "0"
6230 10 NA "0"
6232 7 10 "0"
6233 6 NA "0"
6234 NA NA "0"
6235 6 9 "0"
6237 44 NA "0"
6239 32 NA "0"
6241 33 NA "0"
6242 22 NA "0"
6243 25 NA "0"
6250 9 NA "0"
6257 12 15 "0"
6265 2 5 "0"
6270 25 28 "0"
6274 37 40 "0"
6285 42 NA "0"
6287 14 17 "0"
6289 13 16 "0"
6294 11 14 "0"
6304 16 19 "0"
6312 24 27 "0"
6313 NA NA "0"
6314 12 15 "0"
6315 11 NA "0"
6316 12 NA "0"
6317 NA NA "0"
6318 9 NA "0"
6319 7 10 "0"
6320 5 8 "0"
6321 67 70 "0"
6322 43 46 "0"
6333 6 9 "0"
6340 12 15 "0"
6342 26 29 "0"
6344 6 9 "0"
6347 15 18 "0"
6348 13 NA "0"
6349 13 NA "0"
6351 29 NA "0"
6353 23 26 "0"
6354 9 NA "0"
6356 29 NA "0"
6357 6 9 "0"
6358 20 23 "0"
6362 -2 NA "0"
6364 18 21 "0"
6370 14 NA "0"
6371 30 33 "0"
6373 23 NA "0"
6374 46 NA "0"
6377 18 21 "0"
6378 17 20 "0"
6381 31 NA "0"
6383 14 NA "0"
6386 11 NA "0"
6387 9 12 "0"
6393 6 9 "0"
6395 6 9 "0"
6398 4 7 "0"
6399 5 NA NA
6402 3 6 "0"
6409 12 15 "0"
6410 12 15 "0"
6411 6 9 "0"
6414 10 13 "0"
6417 8 NA "0"
6419 15 18 "0"
6420 9 NA "0"
6422 73 76 "0"
6424 13 16 "0"
6426 21 24 "0"
6437 11 14 "0"
6441 1 NA "0"
6445 11 NA "0"
6446 9 NA "0"
6447 6 9 "0"
6451 23 NA "0"
6455 14 NA "0"
6457 12 15 "0"
6459 8 11 "0"
6460 3 6 "0"
6461 13 16 "0"
6462 8 NA "0"
6465 12 15 "0"
6466 12 NA "0"
6467 5 NA "0"
6471 6 9 "0"
6472 NA NA "0"
6473 5 8 "0"
6475 3 6 "0"
6476 2 5 "0"
6478 19 22 "0"
6480 19 22 "0"
6481 13 16 "0"
6484 10 13 "0"
6485 9 12 "0"
6488 7 NA "0"
6489 6 9 "0"
6490 2 5 "0"
6491 5 8 "0"
6494 2 5 "0"
6496 13 NA "0"
6497 11 14 "0"
6498 8 11 "0"
6503 22 25 "0"
6504 20 23 "0"
6505 18 21 "0"
6510 15 18 "0"
6513 10 13 "0"
6515 8 11 "0"
6516 8 11 "0"
6517 14 17 "0"
6518 6 9 "0"
6525 NA NA "0"
6529 6 9 "0"
6531 20 23 "0"
6532 15 18 "0"
6536 13 16 "0"
6538 10 NA "0"
6542 18 21 "0"
6543 40 43 "0"
6544 12 NA "0"
6545 20 23 "0"
6546 21 NA "0"
6547 13 NA "0"
6548 NA NA "0"
6554 6 NA "0"
6557 2 5 "0"
6564 9 NA "0"
6566 32 35 "0"
6567 18 NA "0"
6569 14 17 "0"
6570 12 15 "0"
6573 23 26 "0"
6574 7 NA "0"
6577 20 NA "0"
6579 9 12 "0"
6582 26 29 "0"
6583 18 21 "0"
6585 4 NA "0"
6586 2 5 "0"
6587 1 NA "0"
6592 6 NA "0"
6593 11 14 "0"
6594 15 18 "0"
6595 10 13 "0"
6599 18 NA "0"
6605 22 NA "0"
6610 NA NA "0"
6613 14 NA "0"
6617 14 NA "0"
6621 11 14 "0"
6631 21 NA "0"
6632 34 37 "0"
6638 14 NA "0"
6642 13 16 "0"
6643 22 NA "0"
6644 17 NA "0"
6645 11 NA "0"
6649 6 9 "0"
6651 12 15 "0"
6656 10 13 "0"
6661 3 NA "0"
6665 7 NA "0"
6674 6 9 "0"
6675 15 18 "0"
6676 3 6 "0"
6677 11 14 "0"
6680 18 21 "0"
6681 14 NA "0"
6682 13 16 "0"
6684 12 15 "0"
6686 4 NA "0"
6689 10 NA "0"
6690 7 10 "0"
6694 7 10 "0"
6701 5 8 "0"
6705 6 NA "0"
6707 3 6 "0"
6708 1 4 "0"
6711 10 13 "0"
6712 10 13 "0"
6713 8 11 "0"
6718 NA NA "0"
6719 1 4 "0"
6720 NA NA "0"
6721 7 NA "0"
6722 6 9 "0"
6724 2 NA "0"
6729 9 12 "0"
6731 12 NA "0"
6734 2 NA "0"
6735 10 NA "0"
6736 32 35 "0"
6738 18 21 "0"
6739 3 6 "0"
6740 9 12 "0"
6742 6 9 "0"
6750 13 16 "0"
6751 19 NA "0"
6752 17 NA "0"
6755 8 NA "0"
6757 7 10 "0"
6765 9 NA "0"
6768 132 NA "0"
6770 92 NA "0"
6776 NA NA "0"
6777 53 56 "0"
6780 26 29 "0"
6784 80 NA "0"
6789 12 NA "0"
6796 10 13 "0"
6797 20 23 "0"
6802 26 29 "0"
6804 9 NA "0"
6808 12 NA "0"
6810 54 57 "0"
6811 11 NA "0"
6813 20 23 "0"
6814 0 NA "0"
6815 15 18 "0"
6818 8 11 "0"
6820 17 NA "0"
6822 11 14 "0"
6824 22 25 "0"
6826 19 NA "0"
6829 7 NA "0"
6833 19 NA "0"
6836 32 NA "0"
6840 28 31 "0"
6841 NA NA "0"
6844 20 NA "0"
6845 4 7 "0"
6846 32 NA "0"
6848 42 45 "0"
6849 29 32 "0"
6850 55 58 "0"
6852 102 NA "0"
6853 25 28 "0"
6854 20 23 "0"
6856 12 NA NA
6858 2 NA "0"
6859 15 18 "0"
6860 4 7 "0"
6862 20 23 "0"
6863 19 22 "0"
6865 12 15 "0"
6866 11 14 "0"
6867 29 NA "0"
6869 10 13 "0"
6870 34 NA "0"
6873 12 NA "0"
6875 12 15 "0"
6876 7 10 "0"
6880 25 NA "0"
6881 23 26 "0"
6883 20 NA NA
6884 19 NA "0"
6887 3 NA "0"
6890 10 13 "0"
6895 45 48 "0"
6896 11 NA "0"
6900 12 NA "0"
6901 24 27 "0"
6908 17 20 "0"
6909 71 74 "0"
6910 19 22 "0"
6911 19 22 "0"
6915 13 NA "0"
6916 11 14 "0"
6917 7 NA "0"
6920 122 NA "0"
6922 4 NA "0"
6923 29 32 "0"
6924 25 NA "0"
6929 22 25 "0"
6930 30 NA "0"
6933 5 8 "0"
6944 22 NA "0"
6947 27 30 "0"
6951 5 8 "0"
6952 81 84 "0"
6953 4 NA "0"
6954 15 NA "0"
6958 15 18 "0"
6961 30 33 "0"
6966 82 85 "0"
6967 3 6 "0"
6968 28 NA "0"
6973 14 17 "0"
6974 3 6 "0"
6975 47 50 "0"
6977 7 10 "0"
6979 12 NA "0"
6980 1 NA "0"
6981 20 23 "0"
6982 23 26 "0"
6984 29 NA "0"
6987 28 NA "0"
6990 56 59 "0"
6993 5 8 "0"
6994 6 9 "0"
6995 4 NA "0"
6997 35 NA "0"
7000 18 21 "0"
7003 32 35 "0"
7004 14 NA "0"
7005 7 10 "0"
7007 42 45 "0"
7013 46 49 "0"
7022 30 33 "0"
7023 16 19 "0"
7030 NA NA "0"
7031 17 NA "0"
7033 19 22 "0"
7034 12 15 "0"
7037 12 NA "0"
7041 19 22 "0"
7043 23 NA "0"
7045 45 48 "0"
7046 20 23 "0"
7047 16 NA "0"
7048 24 27 "0"
7049 19 22 "0"
7050 6 9 "0"
7051 25 28 "0"
7052 12 15 "0"
7053 19 NA "0"
7055 19 NA "0"
7056 29 32 "0"
7058 29 32 "0"
7061 20 23 "0"
7062 NA NA "0"
7064 20 23 "0"
7065 8 11 "0"
7066 12 NA "0"
7071 73 NA "0"
7073 10 13 "0"
7074 12 NA "0"
7077 12 15 "0"
7079 12 NA "0"
7082 33 36 "0"
7083 24 NA "0"
7090 5 NA "0"
7091 23 26 "0"
7093 40 43 "0"
7095 19 22 "0"
7097 29 NA "0"
7098 7 NA "0"
7099 14 NA NA
7101 22 NA "0"
7104 11 14 "0"
7105 13 NA "0"
7106 NA NA "0"
7107 12 NA "0"
7110 4 NA "0"
7113 13 16 "0"
7115 25 NA "0"
7116 7 10 "0"
7117 17 20 "0"
7120 4 NA "0"
7123 67 70 "0"
7125 11 NA "0"
7127 16 NA "0"
7128 33 36 "0"
7131 8 11 "0"
7132 27 30 "0"
7141 2 5 "0"
7142 42 45 "0"
7143 33 36 "0"
7144 28 31 "0"
7147 26 29 "0"
7151 11 14 "0"
7152 6 NA "0"
7153 6 9 "0"
7155 20 23 "0"
7157 68 NA "0"
7160 36 39 "0"
7161 24 NA "0"
7165 20 23 "0"
7167 20 23 "0"
7169 19 NA "0"
7176 15 NA "0"
7186 3 NA "0"
7189 73 76 "0"
7191 5 NA "0"
7196 1 NA "0"
7197 34 37 "0"
7198 23 NA "0"
7202 NA NA "0"
7206 16 NA "0"
7207 13 16 "0"
7209 8 NA "0"
7210 4 NA "0"
7211 5 NA "0"
7213 5 8 "0"
7218 36 39 "0"
7219 NA NA "0"
7222 54 NA "0"
7223 26 NA "0"
7224 26 29 "0"
7226 9 12 "0"
7229 12 NA "0"
7231 15 18 "0"
7232 67 70 "0"
7233 39 42 "0"
7235 17 20 "0"
7239 20 23 "0"
7241 3 6 "0"
7242 22 NA "0"
7245 5 8 "0"
7246 11 14 "0"
7248 9 12 "0"
7249 13 NA "0"
7250 6 9 "0"
7252 3 NA "0"
7254 23 NA "0"
7257 14 17 "0"
7265 15 18 "0"
7266 6 9 "0"
7268 11 14 "0"
7277 18 21 "0"
7278 16 19 "0"
7292 22 NA "0"
7302 6 9 "0"
7303 7 NA NA
7304 16 19 "0"
7306 12 15 "0"
7307 12 15 "0"
7310 11 14 "0"
7311 18 NA "0"
7312 12 NA "0"
7314 13 16 "0"
7315 13 16 "0"
7316 12 NA "0"
7317 23 NA "0"
7318 30 33 "0"
7319 18 21 "0"
7322 4 NA "0"
7326 NA NA "0"
7328 19 22 "0"
7330 20 23 "0"
7332 13 16 "0"
7333 2 5 "0"
7336 12 15 "0"
7339 15 NA "0"
7340 4 7 "0"
7342 16 NA "0"
7343 20 23 "0"
7347 12 15 "0"
7348 12 15 "0"
7350 8 11 NA
7352 4 NA "0"
7354 9 12 NA
7356 16 19 "0"
7358 13 NA "0"
7361 8 NA "0"
7362 3 NA "0"
7364 30 33 "1"
7366 19 22 "0"
7382 14 17 "0"
7384 13 16 "0"
7385 7 NA "0"
7388 23 NA "0"
7393 26 NA "0"
7394 11 NA "0"
7395 22 NA "0"
7396 10 13 "0"
7397 -1 NA "0"
7398 29 32 "0"
7402 NA NA "0"
7404 58 61 "0"
7406 22 NA "0"
7410 53 56 "0"
7411 43 46 "0"
7412 23 26 "0"
7415 0 NA "0"
7416 14 NA "0"
7417 -1 NA "0"
7418 24 27 "0"
7422 17 20 "0"
7423 15 NA "0"
7428 12 NA "0"
7430 NA NA "0"
7431 12 15 "0"
7433 24 27 "0"
7434 18 NA "0"
7435 19 NA "0"
7441 10 13 "0"
7442 4 NA "0"
7443 4 NA "0"
7444 2 NA "0"
7446 12 NA "0"
7452 25 28 "0"
7453 12 15 "0"
7456 NA NA "0"
7463 2 5 "0"
7464 31 34 "0"
7467 13 NA "0"
7468 11 NA "0"
7471 0 NA "0"
7480 113 116 "0"
7481 18 21 "0"
7485 13 NA "0"
7487 17 20 "0"
7488 12 15 "0"
7491 7 NA "0"
7492 5 NA "0"
7493 3 6 "0"
7495 8 NA NA
7496 6 NA "0"
7497 32 35 "0"
7500 11 14 "0"
7506 13 16 "0"
7507 14 17 "0"
7509 13 16 "0"
7514 16 19 "0"
7518 9 12 "0"
7527 15 18 "0"
7533 7 10 "0"
7534 61 64 "0"
7537 20 NA "0"
7545 9 12 "0"
7549 42 45 "0"
7550 41 44 "0"
7551 18 21 "0"
7552 16 19 "0"
7555 18 21 "0"
7558 24 27 "0"
7561 18 NA NA
7565 11 14 "0"
7566 11 NA "0"
7569 19 NA "0"
7570 41 NA "0"
7572 17 20 "0"
7574 8 11 "0"
7575 12 NA "0"
7578 26 29 "0"
7580 46 NA "0"
7581 29 32 "0"
7583 19 22 "0"
7588 14 NA "0"
7589 13 16 "0"
7593 10 13 "0"
7597 7 NA "0"
7598 12 NA "0"
7599 11 14 "0"
7600 6 NA "0"
7607 13 NA "0"
7608 6 NA "0"
7610 12 NA "0"
7612 2 5 "0"
7613 17 20 "0"
7615 16 NA "0"
7616 7 10 "0"
7619 6 NA "0"
7627 10 13 "0"
7628 8 11 "0"
7629 6 9 "0"
7633 9 12 "0"
7635 3 6 "0"
7638 8 NA "0"
7639 11 NA "0"
7640 4 NA "0"
7646 17 NA "0"
7647 6 9 "0"
7649 46 NA "0"
7652 10 NA "0"
7658 9 12 "0"
7659 8 11 "0"
7662 16 NA "0"
7663 3 NA "0"
7667 7 NA "0"
7669 3 NA "0"
7673 4 NA "0"
7676 30 NA "0"
7681 14 NA NA
7684 16 19 "0"
7685 NA NA "0"
7687 17 NA "0"
7688 1 NA "0"
7689 20 23 "0"
7692 2 NA "0"
7694 NA NA "0"
7698 7 10 "0"
7699 14 NA "0"
7700 6 NA "0"
7702 11 14 "0"
7706 8 NA "0"
7707 20 23 "0"
7708 30 NA "0"
7715 5 8 "0"
7717 2 NA "0"
7726 10 NA "0"
7731 7 10 "0"
7734 6 9 "0"
7735 6 NA "0"
7741 6 NA "0"
7746 23 NA "0"
7748 14 NA "0"
7750 12 NA "0"
7752 12 NA "0"
7754 4 NA "0"
7756 6 NA "0"
7759 10 NA "0"
7762 6 NA "0"
7763 6 NA "0"
7764 1 NA "0"
7767 32 35 "0"
7770 0 NA "0"
7772 10 NA "0"
7773 18 21 "0"
7775 4 7 "0"
7776 12 15 "0"
7777 -1 NA "0"
7778 101 NA "0"
7780 11 14 "0"
7781 6 9 "0"
7782 18 NA "0"
7785 5 8 "0"
7789 19 22 "0"
7791 6 NA "0"
7794 94 NA "0"
7797 24 27 "0"
7803 NA NA "0"
7804 7 NA "0"
7806 7 10 "0"
7809 44 47 "0"
7810 16 NA "0"
7812 12 15 "0"
7814 9 NA "0"
7818 5 NA "0"
7819 5 NA "0"
7822 30 NA "0"
7823 17 20 "0"
7826 15 18 "0"
7828 13 16 "0"
7830 7 10 "0"
7835 3 NA "0"
7837 6 NA "0"
7839 6 9 "0"
7840 3 6 "0"
7841 5 8 "0"
7844 25 NA "0"
7845 16 19 "0"
7846 17 NA "0"
7847 3 6 "0"
7848 22 NA "0"
7854 7 NA NA
7857 1 NA "0"
7858 21 NA "0"
7859 6 NA "0"
7861 34 NA "0"
7866 5 8 "0"
7867 5 NA "0"
7868 6 9 "0"
7869 3 NA "0"
7870 NA NA "0"
7872 4 7 "0"
7875 7 10 "0"
7877 23 NA NA
7878 7 NA "0"
7880 12 NA "0"
7881 1 NA "0"
7884 22 25 "0"
7885 20 23 "0"
7886 7 10 "0"
7887 7 10 "0"
7889 32 NA "0"
7893 7 10 "0"
7894 12 NA "0"
7895 29 32 "0"
7896 18 NA "0"
7897 6 NA "0"
7902 20 23 "0"
7904 15 18 "0"
7905 4 NA "0"
7906 20 23 "0"
7907 12 15 "0"
7908 4 NA "0"
7910 5 8 "0"
7912 3 NA NA
7914 28 NA "0"
7920 16 NA "0"
7921 8 NA "0"
7922 19 NA NA
7927 43 NA "0"
7928 28 31 "0"
7930 11 NA "0"
7933 18 21 "0"
7936 24 27 "0"
7937 21 NA "0"
7939 23 26 "0"
7946 8 NA "0"
7947 7 NA "0"
7952 15 18 "0"
7953 NA NA "0"
7954 7 10 "0"
7955 3 6 "0"
7956 5 8 "0"
7957 24 27 "0"
7958 24 NA "0"
7960 -1 NA "0"
7961 15 NA "0"
7963 12 NA "0"
7965 18 21 "0"
7966 5 8 "0"
7967 1 NA "0"
7971 26 NA "0"
7974 13 NA "0"
7977 14 17 "0"
7978 14 17 "0"
7979 14 17 "0"
7980 3 NA "0"
7984 4 NA "0"
7987 8 11 "0"
7992 29 32 "0"
7993 29 32 "0"
7996 23 26 "0"
7999 18 NA "0"
8000 7 NA "0"
8001 36 NA "0"
8003 29 32 "0"
8004 1 NA "0"
8005 23 NA "0"
8009 29 32 NA
8010 29 32 "0"
8016 12 NA "0"
8018 6 NA "0"
8019 31 34 "0"
8020 42 45 "0"
8021 9 12 "0"
8024 9 12 "0"
8026 15 18 "0"
8029 12 NA "0"
8030 3 6 "0"
8032 32 35 "0"
8036 22 25 "0"
8037 16 NA "0"
8040 35 38 "0"
8048 111 NA "0"
8050 25 28 "0"
8052 0 NA "0"
8053 3 NA "0"
8055 12 15 "0"
8059 7 10 "0"
8062 23 NA "0"
8066 30 33 "0"
8067 28 NA "0"
8069 8 11 "0"
8070 18 NA "0"
8073 7 NA "0"
8074 7 NA "0"
8075 4 7 "0"
8077 19 22 "0"
8079 12 15 "0"
8080 12 15 "0"
8082 5 NA "0"
8084 20 NA "0"
8086 23 NA "0"
8087 20 NA "0"
8089 13 16 "0"
8092 30 NA "0"
8095 16 NA "0"
8096 30 NA "0"
8097 28 NA "0"
8099 26 NA "0"
8100 25 NA "0"
8101 16 NA "0"
8102 3 NA "0"
8103 22 25 "0"
8104 20 NA "0"
8108 16 NA "0"
8109 16 NA "0"
8110 12 15 "0"
8112 10 13 "0"
8113 10 NA "0"
8115 9 NA "0"
8116 7 NA "0"
8117 7 10 "0"
8118 6 9 "0"
8119 3 NA "0"
8120 2 NA "0"
8122 20 23 "0"
8123 14 17 "0"
8124 11 14 "0"
8128 7 10 "0"
8129 4 7 "0"
8132 11 14 "0"
8133 16 19 "0"
8134 13 NA "0"
8138 23 26 "0"
8145 13 16 "0"
8146 12 NA "0"
8148 47 50 "0"
8150 20 23 "0"
8152 10 13 "0"
8153 10 13 "0"
8154 25 28 "0"
8155 6 NA "0"
8156 2 5 "0"
8159 11 14 "0"
8160 6 9 "0"
8161 13 NA "0"
8162 26 29 "0"
8163 24 27 "0"
8165 4 NA "0"
8167 20 23 "0"
8169 16 19 "0"
8171 13 NA "0"
8174 12 NA "0"
8175 32 35 "0"
8176 12 15 "0"
8177 12 NA "0"
8179 10 NA "0"
8180 9 NA "0"
8181 8 11 "0"
8185 7 10 "0"
8187 5 8 "0"
8195 40 43 "0"
8201 3 NA "0"
8202 11 NA "0"
8203 8 NA "0"
8207 NA NA "0"
8209 19 NA "0"
8212 19 NA "0"
8213 17 20 "0"
8214 17 NA "0"
8216 16 NA "0"
8219 14 17 "0"
8221 18 21 "0"
8222 14 NA "0"
8226 12 NA "0"
8232 3 6 "0"
8240 22 25 NA
8248 14 17 "0"
8252 72 75 "0"
8253 18 21 "0"
8256 34 37 "0"
8257 11 NA "0"
8275 39 NA "0"
8276 NA NA "0"
8277 32 35 "0"
8279 31 34 "0"
8287 19 NA "0"
8292 21 NA "0"
8295 18 NA "0"
8296 10 NA "0"
8297 12 15 "0"
8298 12 15 "0"
8299 30 33 "0"
8302 81 NA "0"
8304 2 5 "0"
8307 13 NA "0"
8308 14 17 "0"
8318 19 22 "0"
8319 18 21 "0"
8322 17 NA "0"
8323 16 NA "0"
8325 46 NA "0"
8328 36 NA "0"
8329 35 NA "0"
8339 29 NA "0"
8341 13 16 NA
8343 12 NA "0"
8344 11 14 "0"
8347 8 NA "0"
8348 8 11 "0"
8349 32 35 NA
8351 4 7 "0"
8352 4 NA "0"
8354 4 NA "0"
8357 16 19 "0"
8361 9 NA "0"
8362 6 9 "0"
8363 21 24 "0"
8364 17 20 "0"
8366 6 NA "0"
8368 7 NA "0"
8370 5 NA "0"
8372 28 31 "0"
8373 25 NA "0"
8380 32 35 "0"
8382 4 7 "0"
8384 46 NA "0"
8386 8 NA "0"
8388 22 25 "0"
8390 14 17 "0"
8398 42 45 "0"
8401 31 NA "0"
8412 20 23 "0"
8414 30 33 "0"
8418 17 NA "0"
8420 NA NA "0"
8421 14 17 "0"
8425 66 69 "0"
8428 11 14 "0"
8435 NA NA "0"
8438 7 10 "0"
8440 28 NA "0"
8445 4 7 "0"
8449 2 5 "0"
8451 20 23 "0"
8453 23 26 "0"
8455 13 16 "0"
8458 6 9 "0"
8460 12 15 "0"
8461 13 16 "0"
8464 5 8 "0"
8465 94 97 "0"
8467 13 16 "0"
8472 21 NA "0"
8474 22 NA "0"
8475 20 NA "0"
8476 26 NA "0"
8477 17 20 "0"
8478 27 30 "0"
8481 NA NA "0"
8482 20 NA "0"
8483 19 22 "0"
8484 4 NA "0"
8485 11 NA "0"
8487 10 NA "0"
8488 28 NA "0"
8489 6 NA "0"
8495 30 33 "0"
8496 15 18 "0"
8503 12 15 "0"
8507 6 NA "0"
8508 15 18 NA
8510 17 NA "0"
8511 24 NA NA
8514 16 19 "0"
8516 14 NA "0"
8517 13 NA "0"
8521 9 12 "0"
8522 NA NA "0"
8524 5 NA "0"
8527 11 14 "0"
8528 2 NA "0"
8529 28 NA NA
8530 22 25 "0"
8533 17 20 "0"
8534 17 20 "0"
8538 6 NA "0"
8543 18 NA "0"
8547 38 41 "0"
8548 24 27 "0"
8551 20 23 NA
8553 14 17 "0"
8554 13 NA NA
8555 13 16 "0"
8558 NA NA "0"
8560 12 NA "0"
8562 11 14 "0"
8563 10 13 "0"
8567 NA NA "0"
8568 5 8 "0"
8571 3 6 "0"
8574 64 67 "0"
8576 2 NA "0"
8577 16 19 "0"
8578 9 12 "0"
8579 13 16 "0"
8580 9 12 "0"
8582 8 NA "0"
8587 20 NA "0"
8588 3 6 "0"
8589 27 30 "0"
8595 6 9 "0"
8596 36 39 "0"
8598 25 28 "0"
8602 14 NA "0"
8615 29 32 "0"
8619 13 16 "0"
8624 NA NA "0"
8631 18 21 "0"
8636 14 17 "0"
8646 3 6 "0"
8650 25 28 "0"
8651 19 22 "0"
8652 15 18 "0"
8657 18 NA "0"
8658 16 19 "0"
8660 3 6 "0"
8674 29 32 "0"
8683 24 NA "0"
8699 12 15 "0"
8702 5 NA "0"
8705 10 13 "1"
8714 7 10 "0"
8715 16 19 "0"
8716 40 43 "0"
8718 3 NA "0"
8720 NA NA "0"
8728 8 NA "0"
8730 6 9 "0"
8733 3 6 "0"
8735 1 4 "0"
8737 15 18 "0"
8739 NA NA "0"
8740 13 NA "0"
8742 21 NA "0"
8743 48 51 "0"
8746 NA NA "0"
8748 11 14 "0"
8755 2 5 "0"
8758 1 4 "0"
8760 11 14 NA
8764 7 10 "0"
8767 37 40 "0"
8773 10 13 "0"
8777 19 NA "0"
8778 18 21 "0"
8779 15 18 "0"
8782 27 30 "0"
8789 19 22 "0"
8799 NA NA "0"
8800 4 7 "0"
8802 1 4 "0"
8803 20 NA "0"
8804 14 17 "0"
8806 21 24 "0"
8810 13 NA "0"
8811 11 14 "0"
8812 42 NA "0"
8813 40 NA "0"
8815 18 21 NA
8821 70 73 "0"
8823 24 27 "0"
8825 6 9 "0"
8826 5 NA "0"
8827 24 NA "0"
8833 3 6 "0"
8835 11 NA "0"
8837 34 NA "0"
8838 73 76 "0"
8840 9 NA "0"
8841 91 NA "0"
8845 1 4 "0"
8847 17 NA "0"
8850 61 64 "0"
8851 23 26 "0"
8853 46 49 "0"
8859 29 32 "0"
8860 6 NA "0"
8861 13 16 "0"
8862 5 8 "0"
8863 29 NA "0"
8866 9 NA "0"
8871 24 27 "0"
8873 30 NA "0"
8876 4 7 "0"
8878 1 NA "0"
8879 34 37 "0"
8880 23 26 "0"
8881 19 NA "0"
8882 12 15 "0"
8884 5 8 "0"
8886 24 NA "0"
8887 18 21 "0"
8889 129 132 "0"
8890 13 NA "0"
8892 4 NA "0"
8897 12 15 "0"
8899 46 NA "0"
8900 14 NA "0"
8901 8 NA "0"
8902 18 NA "0"
8904 12 15 "0"
8906 12 15 "0"
8907 8 NA "0"
8909 6 9 "0"
8910 30 NA NA
8914 NA NA "0"
8916 14 NA NA
8917 27 NA "0"
8918 20 23 "0"
8920 37 NA "0"
8921 NA NA "0"
8924 42 45 "0"
8926 NA NA "0"
8927 19 22 "0"
8928 12 15 "0"
8929 47 50 "0"
8930 8 11 "0"
8931 NA NA "0"
8933 5 8 "0"
8934 25 28 "0"
8935 13 16 "0"
8937 12 NA "0"
8939 NA NA "0"
8940 21 24 "0"
8943 31 NA "0"
8944 39 42 "0"
8946 24 27 "0"
8949 4 7 "0"
8950 NA NA "0"
8951 NA NA "0"
8953 59 62 "0"
8955 34 37 "0"
8956 3 NA "0"
8957 12 15 "0"
8958 9 12 "0"
8959 29 32 "0"
8961 15 NA "0"
8963 64 67 "0"
8965 66 NA "0"
8967 14 NA "0"
8968 NA NA "0"
8970 8 NA "0"
8971 20 23 "0"
8972 19 22 "0"
8975 13 NA "0"
8978 NA NA "0"
8981 2 5 "0"
8982 2 NA "0"
8987 6 9 "0"
8989 23 26 "0"
8992 7 10 "0"
8993 20 23 NA
8998 30 33 "0"
9002 19 22 "0"
9005 3 NA "0"
9006 12 15 "0"
9009 19 NA "0"
9012 37 40 "0"
9022 23 26 "0"
9023 10 13 "0"
9024 42 45 "0"
9026 9 12 "0"
9027 4 NA "0"
9029 27 NA "0"
9031 20 23 NA
9033 19 NA "0"
9034 12 NA "0"
9036 67 70 "0"
9037 25 28 "0"
9043 26 29 "0"
9048 85 NA "0"
9049 12 NA "0"
9050 12 NA "0"
9051 40 NA "0"
9052 12 15 "0"
9053 28 NA "0"
9057 20 NA "0"
9058 70 73 "0"
9059 46 NA "0"
9061 24 27 "0"
9062 122 125 "0"
9064 41 NA "0"
9065 116 119 "0"
9066 30 33 "0"
9069 0 NA "0"
9071 14 NA "0"
9072 12 NA "0"
9077 69 72 "0"
9080 38 41 "0"
9082 30 NA "0"
9084 23 NA "0"
9086 NA NA "0"
9087 24 NA "0"
9092 13 NA "0"
9095 4 7 "0"
9097 14 17 "0"
9099 7 10 "0"
9101 7 NA "0"
9103 4 7 "0"
9106 42 NA "0"
9109 12 15 "0"
9111 33 36 "0"
9113 31 34 "0"
9114 45 48 "0"
9116 NA NA "0"
9117 17 20 "0"
9118 20 23 "0"
9119 63 NA "0"
9122 28 31 "0"
9124 NA NA "0"
9125 2 NA "0"
9127 9 NA "0"
9129 13 16 "0"
9132 38 NA "0"
9137 62 NA "0"
9139 14 NA "0"
9146 12 15 "0"
9148 27 30 "0"
9153 33 36 "0"
9154 5 8 "0"
9155 5 8 "0"
9158 15 NA "0"
9159 13 NA "0"
9163 19 NA "0"
9164 16 19 "0"
9167 11 NA "0"
9168 19 22 "0"
9169 NA NA "0"
9170 31 NA "0"
9171 12 NA "0"
9172 10 NA "0"
9173 29 32 "0"
9174 22 25 "0"
9177 5 8 "0"
9178 17 20 "0"
9181 22 25 "0"
9183 22 25 "0"
9185 25 NA "0"
9186 16 19 "0"
9187 2 NA "0"
9188 12 NA NA
9189 15 NA "0"
9191 13 16 "0"
9192 11 14 "0"
9193 8 11 "0"
9194 3 6 NA
9197 33 36 "0"
9199 13 NA NA
9202 40 43 "0"
9207 NA NA "0"
9212 22 25 "0"
9216 14 NA "0"
9217 69 72 "0"
9219 23 26 "0"
9221 14 NA "0"
9224 15 18 "0"
9227 42 NA "0"
9229 30 33 "0"
9230 28 NA "0"
9232 NA NA "0"
9234 38 NA "0"
9235 16 NA "0"
9237 9 NA "0"
9238 20 NA "0"
9239 18 NA "0"
9241 2 5 "0"
9245 16 19 "0"
9249 23 26 "0"
9251 3 6 "0"
9253 13 16 "0"
9254 12 15 "0"
9258 11 NA "0"
9260 26 NA "0"
9262 12 15 "0"
9263 NA NA "0"
9264 22 NA "0"
9265 9 12 "0"
9267 20 23 "0"
9268 14 17 "0"
9269 52 NA "0"
9272 12 15 "0"
9275 9 12 "0"
9277 13 16 "0"
9279 10 13 "0"
9280 7 NA "0"
9281 7 10 "0"
9287 29 32 "0"
9289 12 NA "0"
9290 60 63 "0"
9296 19 22 "0"
9298 9 NA "0"
9300 7 NA "0"
9301 6 9 "0"
9308 70 73 NA
9312 66 NA "0"
9315 58 61 "0"
9317 21 NA "0"
9322 13 NA "0"
9323 30 NA "0"
9325 8 NA "0"
9326 5 8 "0"
9331 57 60 "0"
9333 12 15 "0"
9339 17 NA "0"
9341 NA NA "0"
9344 NA NA "0"
9345 71 74 "0"
9347 20 NA "0"
9355 32 35 "0"
9356 33 NA "0"
9360 25 28 "0"
9361 23 26 "0"
9362 74 77 "0"
9365 14 17 "0"
9368 11 NA "0"
9369 10 NA "0"
9370 10 13 "0"
9371 10 13 "0"
9372 4 7 "0"
9373 4 NA "0"
9374 14 17 "0"
9375 33 36 "0"
9376 9 12 "0"
9377 7 10 "0"
9378 20 23 NA
9379 23 26 "0"
9381 14 NA NA
9382 12 15 "0"
9387 32 NA "0"
9388 28 NA "0"
9392 13 NA "0"
9395 20 23 "0"
9396 23 NA "0"
9397 12 NA NA
9399 12 15 "0"
9400 8 11 "0"
9401 7 10 "0"
9403 10 NA "0"
9404 5 8 "0"
9407 36 NA "0"
9409 13 NA "0"
9410 NA NA "0"
9411 12 NA "0"
9412 10 13 "0"
9413 9 12 "0"
9415 1 4 "0"
9416 NA NA "0"
9418 11 14 "0"
9419 16 NA "0"
9421 8 11 "0"
9423 17 20 "0"
9424 12 15 "0"
9426 6 NA "0"
9427 35 38 "0"
9429 19 NA "0"
9430 19 22 "0"
9431 19 22 "0"
9433 9 12 "0"
9435 6 9 "0"
9437 10 13 "0"
9445 6 9 "0"
9449 1 NA "0"
9451 23 NA "0"
9452 20 23 "0"
9455 11 NA "0"
9457 2 5 "0"
9458 5 8 "0"
9459 10 13 "0"
9460 3 6 "0"
9462 20 23 "0"
9464 6 NA "0"
9466 22 25 "0"
9467 19 NA "0"
9468 11 NA "0"
9469 31 34 "0"
9470 34 NA "0"
9473 21 24 "0"
9474 8 11 "0"
9475 14 NA "0"
9476 18 21 "0"
9478 3 NA "0"
9483 19 NA "0"
9484 3 NA "0"
9485 12 15 "0"
9486 9 12 "0"
9488 14 17 "0"
9494 34 37 "0"
9495 21 24 "0"
9496 9 NA "0"
9497 4 7 "0"
9499 7 10 "0"
9500 5 8 "0"
9502 2 NA "0"
9503 20 23 "0"
9504 18 21 "0"
9505 NA NA "0"
9506 15 NA "0"
9508 8 NA "0"
9509 20 NA "0"
9510 21 24 "0"
9513 17 20 "0"
9515 10 13 "0"
9520 18 21 "0"
9522 13 16 "0"
9523 10 NA "0"
9524 29 32 "0"
9529 14 17 "0"
9532 15 18 "0"
9535 6 9 "0"
9536 25 28 "0"
9537 56 59 "0"
9538 11 14 "0"
9539 2 5 "0"
9541 19 22 "0"
9544 30 NA "0"
9551 63 66 "0"
9552 11 NA "0"
9553 30 33 "0"
9554 12 15 "0"
9555 26 29 "0"
9556 28 NA "0"
9557 40 43 "0"
9562 25 28 "0"
9564 20 23 "0"
9566 13 16 "0"
9567 12 15 "0"
9568 10 13 "0"
9569 10 NA "0"
9570 9 12 "0"
9571 23 26 "0"
9574 -1 NA "0"
9575 19 22 "0"
9576 11 14 "0"
9577 8 11 "0"
9578 17 20 "0"
9584 35 38 NA
9588 13 16 "0"
9589 33 NA "0"
9590 19 NA "0"
9591 30 NA "0"
9593 23 26 "0"
9594 3 6 "0"
9595 20 NA "0"
9597 15 18 "0"
9599 20 23 "0"
9600 18 21 "0"
9602 13 NA "0"
9603 10 13 "0"
9604 31 34 "0"
9605 24 NA "0"
9606 11 NA "0"
9607 33 36 NA
9610 14 NA "0"
9621 127 130 "0"
9627 20 23 "0"
9628 17 20 "0"
9629 9 NA "0"
9634 7 NA "0"
9636 45 48 "0"
9639 12 15 "0"
9640 28 NA "0"
9641 7 10 "0"
9642 21 NA "0"
9644 29 32 "0"
9647 5 8 "0"
9650 13 16 "0"
9651 23 26 "0"
9653 54 57 "0"
9654 46 NA "0"
9659 25 NA "0"
9660 15 NA "0"
9661 52 55 "0"
9663 32 NA "0"
9667 22 NA "0"
9668 18 NA "0"
9671 19 22 "0"
9673 19 NA "0"
9676 9 12 "0"
9677 14 NA "0"
9678 20 23 "0"
9680 14 17 "0"
9682 20 23 "0"
9684 9 NA "0"
9688 24 NA "0"
9690 19 22 "0"
9692 13 NA "0"
9693 13 16 "0"
9694 13 16 "0"
9695 13 NA "0"
9697 11 NA "0"
9700 2 5 "0"
9701 16 19 "0"
9703 40 NA "0"
9706 17 20 "0"
9708 22 25 "0"
9709 NA NA "0"
9711 NA NA "0"
9714 19 NA "0"
9715 20 NA "0"
9724 44 NA "0"
9726 28 31 "0"
9728 30 33 NA
9731 42 NA "0"
9732 32 NA "0"
9733 29 32 "0"
9734 26 NA "0"
9737 22 25 "0"
9738 NA NA "0"
9739 20 23 "0"
9740 22 25 "0"
9741 13 16 "0"
9745 16 NA "0"
9746 18 NA "0"
9747 7 10 "0"
9750 19 NA "0"
9753 24 27 "0"
9755 53 NA "0"
9756 21 24 "0"
9759 21 NA "0"
9763 20 23 "0"
9766 18 NA "0"
9768 NA NA "0"
9771 2 5 "1"
9773 29 NA "0"
9777 18 NA "0"
9779 27 NA "0"
9780 29 NA "0"
9781 31 34 NA
9782 39 42 NA
9783 18 21 "0"
9784 25 NA "0"
9785 19 22 "0"
9788 13 16 "0"
9791 11 NA "0"
9792 71 NA "0"
9794 7 10 "0"
9796 NA NA "0"
9797 25 NA "0"
9799 27 30 "0"
9801 -1 NA NA
9805 16 NA "0"
9806 13 NA "0"
9809 30 NA "0"
9810 21 24 "0"
9811 18 NA "0"
9813 15 NA "0"
9815 8 11 "0"
9817 15 NA "0"
9818 12 15 "0"
9820 3 6 "0"
9822 25 28 "0"
9824 24 27 "0"
9827 18 21 "0"
9829 50 53 "0"
9830 12 15 "0"
9832 4 7 "0"
9835 NA NA "0"
9836 20 23 "0"
9839 18 NA "0"
9840 17 NA "0"
9842 13 16 "0"
9843 21 24 "0"
9845 12 15 "0"
9847 27 30 "0"
9850 32 35 "0"
9852 38 41 "0"
9855 37 NA "0"
9858 33 36 "0"
9859 32 NA "0"
9860 32 35 "0"
9861 25 28 "0"
9862 13 NA "0"
9865 18 21 "0"
9867 19 NA "0"
9868 16 19 "0"
9871 26 NA "0"
9874 37 40 "0"
9875 7 NA "0"
9876 7 NA "0"
9877 4 7 NA
9878 21 NA "0"
9884 27 NA "0"
9885 35 38 "0"
9887 31 NA "0"
9888 27 NA "0"
9890 23 NA "0"
9891 18 NA "0"
9893 19 22 "0"
9894 NA NA "0"
9896 11 NA "0"
9899 17 20 "0"
9904 11 14 "0"
9906 0 NA "0"
9915 2 NA "0"
9916 22 NA "0"
9923 20 NA "0"
9926 22 NA "0"
9927 21 NA "0"
9928 19 22 NA
9930 6 NA "0"
9932 6 9 "0"
9935 1 NA "0"
9938 59 62 "0"
9939 75 78 "0"
9942 45 48 "0"
9943 45 48 "0"
9948 20 NA "0"
9950 35 38 "0"
9952 32 35 NA
9953 32 35 "0"
9957 23 26 "0"
9960 46 NA "0"
9964 27 30 "0"
9965 26 29 "0"
9966 24 27 "0"
9970 19 22 "0"
9971 18 21 "0"
9976 13 16 "0"
9979 12 15 "0"
9980 23 26 "0"
9985 36 39 "0"
9987 15 18 "0"
10000 3 6 "0"
10001 36 39 "0"
10003 23 26 "0"
10006 16 19 "0"
10007 11 NA "0"
10010 42 NA "0"
10011 41 NA "0"
10012 33 NA "0"
10014 31 NA "0"
10015 23 NA "0"
10016 NA NA "0"
10017 32 NA "0"
10019 20 NA "0"
10020 12 15 "0"
10023 27 NA "0"
10024 12 NA "0"
10025 12 NA "0"
10027 11 NA "0"
10030 6 9 "0"
10031 8 NA "0"
10033 1 NA "0"
10035 16 19 NA
10036 NA NA "0"
10037 30 NA "0"
10038 21 24 "0"
10039 20 23 "0"
10040 25 28 "0"
10042 12 15 "0"
10044 4 7 "0"
10046 17 20 "0"
10051 24 NA "0"
10052 4 NA "0"
10053 13 16 "0"
10058 10 NA "0"
10059 59 62 "0"
10061 22 25 "0"
10062 30 NA "0"
10065 12 15 NA
10066 8 11 "0"
10067 28 31 "0"
10069 32 35 "0"
10070 42 NA "0"
10072 20 23 "0"
10073 19 NA "0"
10074 39 NA "0"
10077 17 NA "0"
10079 90 NA "0"
10080 60 NA "0"
10081 57 60 "0"
10082 46 49 "0"
10085 48 51 "0"
10086 43 46 "0"
10087 40 43 "0"
10088 40 43 "0"
10089 38 41 "0"
10090 34 NA "0"
10091 14 NA "0"
10094 30 33 "0"
10096 NA NA "0"
10099 24 27 "0"
10100 24 NA "0"
10103 19 22 "0"
10106 18 21 "0"
10107 17 NA "0"
10108 15 NA "0"
10109 15 NA "0"
10113 12 15 "0"
10114 12 15 "0"
10115 12 NA "0"
10116 10 NA "0"
10119 NA NA "0"
10121 3 NA "0"
10123 NA NA "0"
10125 2 5 "0"
10127 42 NA NA
10129 34 37 "0"
10131 12 15 "0"
10136 3 6 "0"
10137 16 NA "0"
10139 6 NA "0"
10140 14 NA NA
10144 13 16 "0"
10146 NA NA "0"
10147 44 NA "0"
10153 NA NA "0"
10154 40 43 "0"
10155 22 NA "0"
10156 NA NA "0"
10158 11 14 "0"
10159 27 30 "0"
10160 NA NA "0"
10161 12 NA "0"
10163 27 NA "0"
10165 20 23 "0"
10167 19 22 NA
10172 NA NA "0"
10176 26 NA "0"
10177 21 NA "0"
10180 12 NA "0"
10182 15 NA "0"
10183 2 NA "0"
10184 3 6 "0"
10188 24 NA "0"
10189 NA NA "0"
10191 18 NA "0"
10194 55 58 "0"
10198 5 NA "0"
10200 32 NA "0"
10202 6 NA "0"
10204 32 35 "0"
10206 25 28 "0"
10207 24 27 "0"
10210 14 NA "0"
10213 4 NA NA
10214 4 NA "0"
10216 2 5 "0"
10217 27 NA "0"
10218 NA NA "0"
10220 NA NA "0"
10221 69 NA "0"
10222 29 NA "0"
10223 27 30 "0"
10225 29 NA "0"
10227 24 27 "0"
10228 59 NA "0"
10229 23 NA "0"
10230 21 24 "0"
10231 7 10 "0"
10232 15 18 "0"
10237 28 31 "0"
10238 10 13 "0"
10239 8 NA "0"
10240 7 10 "0"
10241 35 38 "0"
10242 20 23 "0"
10243 30 33 "0"
10244 29 32 "0"
10245 17 20 "0"
10246 39 NA "0"
10247 18 NA "0"
10248 9 NA "0"
10249 3 6 "0"
10251 21 NA "0"
10253 17 20 "0"
10254 15 NA "0"
10258 26 NA "0"
10259 16 19 "0"
10260 8 NA "0"
10264 19 NA "0"
10265 19 22 "0"
10266 40 NA "0"
10267 31 34 "0"
10268 17 20 "0"
10278 16 19 "0"
10282 15 NA "0"
10284 16 19 "0"
10285 12 NA "0"
10286 10 13 "0"
10289 28 NA "0"
10291 11 NA "0"
10292 46 NA "0"
10295 13 NA "0"
10301 40 NA "0"
10302 33 36 "0"
10303 32 35 "0"
10307 28 31 "0"
10308 NA NA "0"
10309 25 NA "0"
10310 6 NA "0"
10311 27 NA "0"
10312 81 84 "0"
10313 18 21 "0"
10316 12 15 NA
10319 7 NA "0"
10321 12 15 "0"
10325 12 15 "0"
10326 7 10 "0"
10327 7 10 "0"
10328 6 NA "0"
10329 18 NA "0"
10330 8 11 "0"
10331 39 42 "0"
10334 9 12 "0"
10339 13 16 "0"
10340 12 NA "0"
10348 22 25 "0"
10354 29 32 "0"
10358 8 NA "0"
10360 3 6 "0"
10362 21 24 "0"
10363 13 16 "0"
10364 5 NA "0"
10365 16 19 "0"
10366 6 9 "0"
10368 29 32 "0"
10369 28 31 "0"
10370 35 38 "0"
10372 34 NA "0"
10380 26 NA "0"
10381 32 NA "0"
10382 17 NA "0"
10384 42 45 "0"
10387 23 NA "0"
10388 21 NA "0"
10390 14 17 "0"
10391 1 4 "0"
10392 32 35 "0"
10394 17 20 NA
10395 33 NA NA
10396 32 35 "0"
10399 32 NA "0"
10402 31 34 "0"
10403 28 31 "0"
10405 125 128 "0"
10409 NA NA "0"
10410 4 NA "0"
10411 2 5 "0"
10415 NA NA "0"
10416 11 14 "0"
10417 57 60 "0"
10418 26 29 "0"
10420 29 32 "0"
10424 63 66 "0"
10426 16 19 "0"
10428 NA NA "0"
10430 NA NA "0"
10431 19 22 "0"
10435 NA NA "0"
10438 16 19 "0"
10440 24 27 "0"
10442 62 65 "0"
10443 87 90 "0"
10445 43 NA "0"
10446 8 11 "0"
10449 16 19 "0"
10451 NA NA "0"
10454 NA NA "0"
10455 2 5 "0"
10459 13 NA "0"
10462 43 46 "0"
10464 124 127 "0"
10465 13 NA "0"
10466 33 36 "0"
10467 38 41 "0"
10468 24 NA "0"
10469 24 27 "0"
10471 NA NA "0"
10472 54 57 "0"
10473 12 15 "0"
10475 43 NA "0"
10476 30 33 "0"
10477 20 23 "0"
10479 20 23 "0"
10483 NA NA "0"
10484 NA NA "0"
10486 NA NA "0"
10488 12 15 "0"
10492 13 NA "0"
10493 71 74 "0"
10496 14 17 "0"
10499 17 NA "0"
10500 12 NA "0"
10501 24 27 "0"
10502 23 26 "0"
10503 9 12 "0"
10504 13 16 "0"
10505 12 15 "0"
10506 12 15 "0"
10508 NA NA "0"
10509 NA NA "0"
10510 NA NA "0"
10511 12 15 "0"
10512 12 15 "0"
10514 55 NA "0"
10515 NA NA "0"
10517 NA NA "0"
10519 5 8 "0"
10520 35 NA "0"
10521 22 25 "0"
10522 16 NA "0"
10523 23 NA NA
10524 37 NA "0"
10525 NA NA "0"
10526 NA NA "0"
10527 51 54 "0"
10528 31 34 "0"
10529 12 15 "0"
10532 12 NA "0"
10533 64 67 "0"
10537 NA NA "0"
10538 48 51 "0"
10539 32 NA "0"
10540 31 NA "0"
10542 5 8 "0"
10543 13 16 "0"
10544 12 NA "0"
10545 NA NA "0"
10547 25 28 "0"
10548 20 23 "0"
10552 19 NA "0"
10553 43 46 "0"
10554 19 NA "0"
10555 12 15 "0"
10557 5 8 "0"
10559 71 NA "0"
10560 72 75 "0"
10562 35 38 "0"
10563 NA NA "0"
10565 49 52 "0"
10566 10 NA "0"
10568 33 36 "0"
10570 4 7 "0"
10571 NA NA "0"
10573 20 23 "0"
10574 14 17 "0"
10575 19 22 "0"
10577 53 NA "0"
10579 NA NA "0"
10580 8 11 "0"
10583 19 22 "0"
10584 34 NA "0"
10586 46 49 "0"
10587 46 49 "0"
10588 4 7 "0"
10589 19 22 "0"
10590 NA NA "0"
10592 12 15 "0"
10595 98 101 "0"
10597 37 40 "0"
10598 32 35 "0"
10600 26 NA "0"
10601 23 26 "0"
10603 31 34 "0"
10604 18 21 "0"
10607 12 NA "0"
10608 8 11 "0"
10609 12 15 "0"
10610 8 11 "0"
10611 4 7 "0"
10614 NA NA "0"
10615 32 35 NA
10616 27 NA "0"
10617 27 NA "0"
10621 4 NA "0"
10623 29 NA "0"
10624 3 6 "0"
10626 12 15 "0"
10627 NA NA "0"
10629 7 NA "0"
10631 55 58 "0"
10633 12 15 "0"
10636 13 NA "0"
10637 12 15 "0"
10641 NA NA "0"
10645 5 NA "0"
10646 8 11 "0"
10647 78 81 "0"
10648 21 NA "0"
10649 7 NA "0"
10650 3 NA "0"
10653 30 33 "0"
10654 4 7 "0"
10655 67 NA "0"
10656 84 87 "0"
10660 NA NA "0"
10661 42 45 "0"
10665 NA NA "0"
10666 64 67 "0"
10669 12 15 "0"
10671 23 26 "0"
10672 20 NA "0"
10673 NA NA "0"
10674 NA NA "0"
10675 24 27 "0"
10676 3 6 "0"
10677 14 NA "0"
10679 12 15 "0"
10682 11 14 "0"
10683 72 NA "0"
10685 12 15 "0"
10686 19 22 "0"
10689 28 31 "0"
10690 30 NA "0"
10696 7 NA "0"
10697 54 57 "0"
10699 25 28 "0"
10701 NA NA "0"
10702 38 41 "0"
10704 66 69 "0"
10706 19 22 "0"
10707 66 69 "0"
10709 47 NA "0"
10716 18 21 "0"
10717 5 8 "0"
10718 13 16 "0"
10725 47 50 "0"
10733 31 34 "0"
10738 30 33 "0"
10740 6 NA "0"
10742 14 17 "0"
10744 18 NA NA
10746 24 NA "0"
10748 36 39 "0"
10749 32 NA "0"
10751 29 32 NA
10753 24 27 "0"
10754 17 20 "0"
10757 16 19 "0"
10758 16 19 "0"
10759 32 NA "0"
10762 14 17 "0"
10768 19 22 NA
10770 33 36 "0"
10772 24 27 "0"
10773 4 7 "0"
10776 26 29 "0"
10777 24 27 "0"
10778 14 NA "0"
10782 30 33 "0"
10783 19 NA "0"
10784 12 NA "0"
10786 7 NA "0"
10790 27 30 "0"
10793 12 15 "0"
10797 4 7 "0"
10798 70 73 "0"
10799 19 22 "0"
10801 7 10 "0"
10802 NA NA "0"
10804 22 25 "0"
10808 13 16 "0"
10810 23 26 "0"
10815 35 NA "0"
10816 34 37 "0"
10817 32 35 "0"
10819 41 NA "0"
10820 20 NA "0"
10825 18 21 "0"
10828 20 23 "0"
10829 NA NA NA
10830 26 NA "0"
10831 34 NA "0"
10832 37 NA "0"
10833 22 25 "0"
10834 26 29 "0"
10835 23 NA "0"
10837 14 NA "0"
10839 NA NA "0"
10840 2 NA "0"
10842 22 25 "0"
10843 31 34 "0"
10844 12 NA "0"
10845 7 NA "0"
10846 11 14 "0"
10847 15 NA "0"
10848 25 28 "0"
10851 NA NA "0"
10852 2 NA "0"
10853 3 6 "0"
10854 14 NA "0"
10857 23 NA "0"
10858 43 46 "0"
10859 26 29 "0"
10860 22 NA "0"
10861 15 NA "0"
10862 13 NA "0"
10864 6 9 "0"
10865 NA NA "0"
10868 35 NA "0"
10869 26 NA "0"
10870 13 NA "0"
10872 17 20 "0"
10876 47 50 "0"
10877 NA NA "0"
10880 30 33 "0"
10885 NA NA "0"
10887 43 46 "0"
10888 20 NA "0"
10892 14 17 "0"
10893 66 69 "0"
10895 56 59 "0"
10896 NA NA "0"
10897 NA NA "0"
10898 41 44 "0"
10899 26 29 "0"
10901 12 NA "0"
10902 12 15 "0"
10905 15 NA "0"
10910 NA NA "0"
10912 26 29 "0"
10914 6 9 "0"
10915 26 29 "0"
10916 7 10 "0"
10918 45 48 "0"
10921 12 15 "0"
10922 4 7 "0"
10925 9 12 "0"
10926 8 11 "0"
10928 13 16 "0"
10931 5 8 "0"
10933 2 5 "0"
10935 12 15 "0"
10938 6 NA "0"
10940 39 42 "0"
10941 9 12 "0"
10943 NA NA "0"
10945 61 64 "0"
10946 30 NA "0"
10956 23 NA "0"
10962 9 12 "0"
10965 8 NA "0"
10967 24 NA "0"
10968 34 NA "0"
10969 30 33 "0"
10970 29 NA "0"
10971 NA NA "0"
10973 15 18 "0"
10974 5 8 "0"
10975 5 8 "0"
10978 NA NA "0"
10980 2 5 "0"
10981 13 16 "0"
10983 16 NA "0"
10984 1 NA "0"
10985 26 NA "0"
10987 18 21 "0"
10988 15 18 "0"
10995 13 16 "0"
10998 11 14 "0"
11001 3 NA "0"
11002 14 17 "0"
11004 3 6 "0"
11008 6 9 "0"
11009 7 10 "0"
11012 21 24 "0"
11015 12 15 "0"
11017 6 9 "0"
11018 4 NA "0"
11019 32 35 "0"
11020 64 67 "0"
11021 40 NA "0"
11022 32 NA "0"
11023 19 22 "0"
11025 24 NA "0"
11035 18 21 "0"
11038 7 10 "0"
11039 6 NA "0"
11040 49 NA "0"
11042 24 27 "0"
11043 21 24 "0"
11044 16 19 "0"
11047 4 7 "0"
11051 12 15 "0"
11053 5 8 "0"
11055 23 26 "0"
11056 6 9 "0"
11057 42 45 "0"
11058 23 NA "0"
11061 28 NA "0"
11063 54 57 "0"
11065 27 30 "0"
11068 4 7 "0"
11070 27 NA NA
11073 10 13 "0"
11075 22 25 "0"
11076 16 19 "0"
11077 NA NA "0"
11081 48 NA "0"
11082 80 NA "0"
11083 62 65 "0"
11086 NA NA "0"
11091 27 30 "0"
11093 20 NA "0"
11094 44 47 "0"
11095 16 19 "0"
11096 15 18 "0"
11097 6 9 "0"
11098 12 15 "0"
11099 12 15 "0"
11100 1 NA "0"
11101 28 NA "0"
11102 20 23 "0"
11103 20 NA "0"
11104 12 NA "0"
11106 7 10 "0"
11109 32 35 "0"
11112 44 47 "0"
11113 31 NA "0"
11114 31 34 "0"
11116 15 18 "0"
11117 32 NA "0"
11118 29 32 "0"
11119 42 NA "0"
11124 11 NA "0"
11134 NA NA "0"
11135 32 35 "0"
11136 31 34 "0"
11137 42 45 "0"
11142 16 19 "0"
11143 71 NA "0"
11144 11 14 "0"
11146 33 NA "0"
11147 16 19 "0"
11151 26 29 "0"
11152 49 52 "0"
11153 32 NA "0"
11155 20 23 "0"
11156 12 15 "0"
11158 11 14 "0"
11159 6 9 "0"
11160 6 NA "0"
11164 4 7 "0"
11168 26 29 "0"
11171 26 29 "0"
11172 NA NA "0"
11173 20 23 "0"
11176 11 14 "0"
11178 7 NA NA
11179 5 NA NA
11180 NA NA "0"
11182 4 NA NA
11183 10 NA "0"
11184 12 NA "0"
11186 NA NA "0"
11187 12 15 "0"
11188 29 32 NA
11189 4 7 "0"
11190 11 14 "0"
11191 24 NA NA
11192 30 33 "0"
11193 25 28 NA
11195 24 27 "0"
11198 14 NA "0"
11200 53 NA "0"
11201 47 50 "0"
11206 19 22 "0"
11208 47 NA "0"
11209 31 34 "0"
11210 NA NA "0"
11211 13 16 "0"
11212 10 13 NA
11215 9 12 "0"
11216 31 34 "0"
11217 8 NA "0"
11219 4 7 "0"
11221 10 NA "0"
11222 8 11 "0"
11227 12 15 "0"
11228 23 NA "0"
11229 0 NA "0"
11231 22 NA "0"
11232 32 35 "0"
11233 24 27 "0"
11235 25 28 "0"
11236 23 NA "0"
11241 13 16 "0"
11242 13 NA "0"
11243 NA NA "0"
11245 24 27 "0"
11246 12 NA "0"
11247 NA NA "0"
11250 23 26 "0"
11253 2 NA "0"
11259 0 NA "0"
11261 23 26 "0"
11262 14 NA "0"
11263 72 75 "0"
11264 23 26 "0"
11265 NA NA "0"
11268 12 NA "0"
11269 5 NA "0"
11271 19 NA "0"
11272 15 18 "0"
11273 14 17 "0"
11275 11 14 "0"
11276 4 7 "0"
11278 NA NA "0"
11282 14 17 "0"
11285 29 32 "0"
11287 14 17 "0"
11288 12 15 "0"
11289 8 11 "0"
11290 39 NA "0"
11292 33 36 "0"
11293 32 NA "0"
11294 NA NA "0"
11295 26 29 "0"
11300 NA NA "0"
11301 30 33 "0"
11302 52 NA "0"
11304 25 28 "0"
11305 25 28 "0"
11307 12 15 "0"
11308 7 10 "0"
11312 18 NA "0"
11313 NA NA "0"
11314 30 NA "0"
11321 6 NA "0"
11324 31 34 "0"
11326 12 15 "0"
11331 2 NA "0"
11332 54 57 "0"
11333 33 36 "0"
11336 30 33 "0"
11337 26 29 "0"
11339 21 24 "0"
11344 13 16 "0"
11346 7 NA "0"
11347 20 NA "0"
11348 65 68 "0"
11349 23 26 "0"
11351 53 56 "0"
11353 46 49 "0"
11356 30 NA "0"
11359 22 25 "0"
11360 25 28 "0"
11361 NA NA "0"
11363 20 23 "0"
11365 16 19 "0"
11366 15 18 NA
11367 13 16 NA
11368 NA NA "0"
11370 22 25 "0"
11371 63 66 "0"
11372 6 9 "0"
11373 6 NA "0"
11374 2 5 "0"
11375 31 NA "0"
11376 23 NA "0"
11380 NA NA "0"
11382 85 88 "0"
11385 41 44 "0"
11386 31 34 NA
11388 25 NA "0"
11389 25 28 "0"
11391 18 NA "0"
11392 NA NA "0"
11400 3 6 "0"
11401 66 NA "0"
11402 25 28 "0"
11403 31 NA "0"
11404 86 89 "0"
11409 81 84 "0"
11411 61 64 NA
11414 54 57 "0"
11415 NA NA "0"
11417 49 NA "0"
11418 48 NA "0"
11419 47 50 "0"
11421 46 49 "0"
11422 45 NA "0"
11423 45 NA "0"
11424 45 48 "0"
11425 43 NA "0"
11427 NA NA "0"
11433 38 41 "0"
11436 NA NA "0"
11437 NA NA "0"
11438 31 34 "0"
11439 31 34 "0"
11441 81 NA "0"
11442 28 NA "0"
11443 28 NA "0"
11444 27 NA "0"
11448 47 50 "0"
11453 24 27 "0"
11454 12 15 "0"
11455 12 15 "0"
11458 15 18 "0"
11459 21 24 "0"
11461 63 NA "0"
11463 41 44 "0"
11464 39 42 "0"
11465 32 35 "0"
11467 19 NA "0"
11469 41 NA "0"
11470 107 110 "0"
11472 70 73 "0"
11473 47 50 "0"
11475 45 48 "0"
11476 35 38 "0"
11477 19 22 "0"
11478 NA NA "0"
11480 106 109 "0"
11481 6 NA "0"
11482 25 NA "0"
11483 11 14 "0"
11484 8 NA "0"
11485 19 22 "0"
11489 22 NA "0"
11490 20 NA "0"
11491 NA NA "0"
11492 12 15 "0"
11493 7 10 "0"
11494 43 46 "0"
11495 30 33 "0"
11496 3 6 "0"
11497 31 34 "0"
11498 8 11 "0"
11499 12 NA "0"
11501 61 64 "0"
11502 54 57 "0"
11505 16 19 "0"
11506 12 15 "0"
11507 11 NA "0"
11508 6 NA "0"
11509 34 37 "0"
11513 57 60 "0"
11514 54 57 "0"
11515 46 49 "0"
11516 44 47 "0"
11517 43 46 "0"
11518 39 42 "0"
11521 NA NA "0"
11523 27 30 "0"
11525 23 NA "0"
11528 14 17 "0"
11532 NA NA "0"
11533 17 20 "0"
11537 13 16 "0"
11540 74 77 "0"
11541 63 NA "0"
11542 12 15 "0"
11543 23 26 NA
11544 56 NA "0"
11545 35 38 "0"
11548 44 47 "0"
11550 NA NA "0"
11557 36 39 "0"
11558 25 28 "0"
11559 68 71 "0"
11560 12 15 "0"
11561 46 NA "0"
11564 8 11 "0"
11566 16 NA "0"
11571 30 33 "0"
11574 4 7 "0"
11575 19 22 "0"
11576 22 25 "0"
11578 5 8 "0"
11580 22 NA NA
11582 8 11 "0"
11585 NA NA "0"
11587 14 17 "0"
11588 149 152 "0"
11589 24 27 "0"
11591 23 26 "0"
11593 26 29 "0"
11594 19 NA "0"
11595 40 43 "0"
11597 20 23 "0"
11598 43 46 "0"
11602 33 36 "0"
11604 30 NA "0"
11605 38 NA "0"
11607 14 17 "0"
11609 12 15 "0"
11610 57 60 "0"
11612 12 15 "0"
11614 9 NA "0"
11616 3 6 "0"
11619 45 48 NA
11621 25 28 "0"
11623 20 23 "0"
11624 16 19 "0"
11625 NA NA "0"
11626 12 15 "0"
11627 12 NA "0"
11629 8 11 "0"
11630 31 34 "0"
11631 18 21 "0"
11632 14 17 "0"
11635 34 37 "0"
11636 33 36 "0"
11637 36 39 "0"
11638 31 34 "0"
11640 18 21 "0"
11644 107 110 "0"
11646 15 18 "0"
11650 9 12 "0"
11651 12 NA "0"
11652 30 33 "0"
11653 16 19 "0"
11655 NA NA "0"
11659 22 25 "0"
11661 21 24 "0"
11664 7 10 "0"
11667 2 5 "0"
11671 17 20 "0"
11672 17 20 "0"
11679 4 NA "0"
11681 13 16 "0"
11686 29 32 "0"
11687 NA NA "0"
11688 30 NA "0"
11691 10 NA "0"
11692 25 NA "0"
11693 30 33 "0"
11695 13 16 "0"
11700 0 3 "0"
11702 19 22 "0"
11703 15 18 "0"
11704 15 18 "0"
11706 NA NA "0"
11709 18 NA "0"
11711 6 NA "0"
11713 32 35 NA
11714 25 NA "0"
11722 23 26 "0"
11723 22 25 "0"
11724 17 20 "0"
11725 13 NA "0"
11726 13 16 "0"
11727 10 13 "0"
11729 6 NA "0"
11730 42 NA "0"
11731 33 36 "0"
11732 27 30 "0"
11733 19 22 "0"
11734 14 17 "0"
11735 12 15 "0"
11736 6 9 "0"
11737 88 91 "0"
11738 19 22 "0"
11739 NA NA "0"
11745 4 7 "0"
11751 7 10 "0"
11756 NA NA "0"
11757 72 75 "0"
11758 69 72 "0"
11765 44 NA "0"
11769 24 NA "0"
11770 36 39 "0"
11775 27 30 "0"
11778 21 24 "0"
11779 65 68 "0"
11780 18 21 "0"
11782 17 NA "0"
11785 12 15 "0"
11786 12 15 "0"
11790 NA NA "0"
11791 5 NA "0"
11802 25 28 "0"
11803 23 NA "0"
11804 22 25 "0"
11805 20 23 "0"
11806 17 NA "0"
11807 16 19 "0"
11808 16 19 "0"
11809 41 44 "0"
11810 22 25 "0"
11811 37 NA "0"
11813 40 43 "0"
11818 44 47 "0"
11822 63 66 "0"
11823 46 49 "0"
11824 NA NA "0"
11827 29 32 "0"
11828 NA NA "0"
11834 18 NA "0"
11837 16 19 "0"
11839 12 NA "0"
11840 17 NA "0"
11841 21 24 "0"
11843 10 13 "0"
11844 5 8 "0"
11845 6 NA "0"
11848 3 NA "0"
11849 18 21 "0"
11852 39 42 "0"
11856 19 NA NA
11860 13 16 "0"
11861 9 12 "0"
11866 29 32 "0"
11867 47 NA "0"
11870 5 8 "0"
11875 7 NA "0"
11877 7 10 "0"
11878 25 28 "0"
11880 19 22 "0"
11882 15 18 "0"
11884 29 32 "0"
11885 17 NA "0"
11889 11 14 "0"
11892 24 27 "0"
11893 21 24 "0"
11894 16 NA "0"
11895 8 11 "0"
11896 29 32 "0"
11898 9 12 "0"
11899 5 8 "0"
11900 5 NA "0"
11902 NA NA "0"
11903 27 30 "0"
11908 17 20 "0"
11909 21 24 "0"
11911 35 38 "0"
11913 12 15 "0"
11918 4 7 "0"
11923 12 NA "0"
11925 31 34 "0"
11927 2 NA "0"
11928 2 5 "0"
11929 13 16 "0"
11930 NA NA "0"
11932 12 15 "0"
11933 84 NA "0"
11934 22 25 "0"
11935 12 15 "0"
11936 8 11 "0"
11938 NA NA "0"
11939 NA NA "0"
11941 NA NA "0"
11947 79 82 "0"
11952 45 48 "0"
11954 NA NA "0"
11956 20 NA "0"
11957 35 NA "0"
11959 NA NA "0"
11960 30 33 "0"
11962 NA NA "0"
11963 15 18 "0"
11964 36 39 "0"
11965 24 27 "0"
11966 NA NA "0"
11968 31 34 "0"
11969 12 15 "0"
11971 NA NA "0"
11972 1 NA "0"
11975 12 15 "0"
11978 10 13 "0"
11980 30 33 "0"
11981 23 26 "0"
11982 5 8 "0"
11983 27 30 "0"
11987 49 NA NA
11989 NA NA "0"
11993 35 38 "0"
11996 18 21 "0"
11997 37 40 "0"
11999 27 30 "0"
12001 NA NA "0"
12004 48 51 "0"
12006 NA NA "0"
12008 NA NA "0"
12012 42 45 "0"
12013 19 NA "0"
12014 39 42 "0"
12016 NA NA "0"
12017 32 35 "0"
12019 13 16 "0"
12020 83 86 "0"
12026 NA NA "0"
12027 4 NA "0"
12029 2 5 "0"
12030 52 55 NA
12031 45 NA "0"
12032 23 26 "0"
12034 72 75 "0"
12038 3 6 "0"
12040 9 12 "0"
12041 43 NA "0"
12043 4 7 "0"
12045 109 112 "0"
12046 61 64 "0"
12048 89 92 "0"
12049 27 NA "0"
12052 37 40 "0"
12057 1 4 "0"
12058 15 18 "0"
12059 12 15 "0"
12061 12 15 "0"
12062 7 10 "0"
12064 75 78 "0"
12066 23 NA "0"
12067 51 54 "0"
12069 NA NA "0"
12070 12 15 "0"
12073 12 15 "0"
12076 72 75 "0"
12077 30 33 "0"
12078 12 15 "0"
12079 5 NA "0"
12081 31 34 "0"
12082 23 26 "0"
12083 24 NA "0"
12084 73 76 "0"
12088 NA NA "0"
12090 6 9 "0"
12091 10 13 "0"
12093 26 NA "0"
12095 35 38 "0"
12096 29 32 NA
12097 12 15 "0"
12098 40 NA "0"
12100 93 96 "0"
12102 6 9 "0"
12103 53 NA "0"
12106 14 17 "0"
12108 24 NA "0"
12109 44 47 "0"
12110 33 NA "0"
12115 NA NA "0"
12116 29 NA "0"
12117 7 10 "0"
12118 32 35 "0"
12119 22 25 "0"
12120 24 27 "0"
12121 24 27 "0"
12122 25 28 "0"
12123 55 58 "0"
12126 5 8 NA
12127 45 48 "0"
12128 NA NA "0"
12129 11 14 "0"
12130 NA NA "0"
12132 NA NA "0"
12135 NA NA "0"
12137 22 NA NA
12138 17 20 "0"
12139 23 26 "0"
12140 3 6 "0"
12141 22 25 "0"
12143 6 9 "0"
12144 71 74 "0"
12148 1 NA "0"
12150 5 NA "0"
12151 5 8 "0"
12152 75 78 "0"
12153 22 25 "0"
12155 33 36 "0"
12158 9 12 "0"
12159 22 25 "0"
12163 28 NA "0"
12164 28 31 "0"
12166 12 15 "0"
12168 24 27 "0"
12170 86 NA "0"
12171 52 NA "0"
12174 47 50 "0"
12175 67 NA "0"
12177 46 49 "0"
12178 NA NA "0"
12179 43 46 "0"
12180 39 NA "0"
12188 12 15 "0"
12191 71 NA NA
12192 21 24 "0"
12193 29 32 "0"
12196 11 14 "0"
12197 19 22 "0"
12198 4 7 "0"
12199 NA NA "0"
12200 45 48 "0"
12203 NA NA "0"
12207 31 34 "0"
12208 18 21 "0"
12209 29 NA "0"
12210 33 NA "0"
12211 104 107 "0"
12212 39 42 "0"
12214 4 NA "0"
12215 21 24 "0"
12216 34 37 "0"
12218 3 6 "0"
12219 42 45 "0"
12220 31 34 "0"
12221 28 31 "0"
12222 12 15 "0"
12223 12 NA "0"
12224 4 7 "0"
12226 NA NA "0"
12227 91 94 "0"
12229 8 11 "0"
12231 3 6 "0"
12232 43 46 "0"
12234 23 NA "0"
12236 18 NA "0"
12238 20 23 "0"
12239 29 NA "0"
12242 24 NA "0"
12243 46 NA "0"
12247 37 40 "0"
12248 32 35 "0"
12249 54 NA "0"
12252 NA NA "0"
12253 12 15 "0"
12254 NA NA "0"
12256 9 NA "0"
12257 9 12 "0"
12258 45 NA "0"
12260 3 6 "0"
12266 32 NA "0"
12267 72 NA NA
12269 18 21 "0"
12271 NA NA "0"
12272 5 8 "0"
12273 36 39 "0"
12274 19 22 "0"
12275 3 6 "0"
12276 44 NA "0"
12278 56 59 "0"
12279 12 15 "0"
12280 6 NA "0"
12283 47 50 "0"
12286 3 6 "0"
12287 22 NA "0"
12289 23 NA "0"
12292 14 NA "0"
12293 12 15 "0"
12295 16 NA "0"
12297 31 34 "0"
12299 12 15 "0"
12300 9 12 "0"
12302 35 38 "0"
12304 28 31 "0"
12306 7 10 "0"
12308 NA NA "0"
12309 NA NA "0"
12310 29 32 "0"
12314 43 46 "0"
12316 19 22 "0"
12318 12 15 "0"
12322 11 NA "0"
12326 85 88 "0"
12328 14 17 "0"
12329 23 26 "0"
12334 23 26 "0"
12339 5 8 NA
12345 42 NA "0"
12356 7 10 "0"
12357 3 6 "0"
12359 34 37 "0"
12360 6 9 "0"
12361 8 11 "0"
12362 6 9 "0"
12364 26 29 "0"
12366 10 13 "0"
12371 16 19 "0"
12380 11 14 "0"
12382 32 35 "0"
12387 5 8 "0"
12390 27 30 "0"
12394 5 8 "0"
12397 11 NA "0"
12398 21 24 "0"
12400 20 23 "0"
12406 42 45 "0"
12409 17 20 "0"
12415 27 30 "0"
12416 33 NA NA
12419 25 28 "0"
12420 33 36 "0"
12422 24 NA "0"
12424 32 35 "0"
12427 29 32 "0"
12428 10 13 "0"
12430 17 20 "0"
12431 22 25 "0"
12434 NA NA "0"
12435 48 51 "0"
12436 19 22 "0"
12438 6 9 NA
12439 35 38 "0"
12440 3 6 "0"
12442 11 14 "0"
12446 7 10 "0"
12447 13 16 "0"
12454 23 NA "0"
12458 132 135 "0"
12460 NA NA "0"
12462 47 50 "0"
12463 24 27 "0"
12464 32 35 "0"
12466 14 NA "0"
12467 46 49 "0"
12472 NA NA "0"
12474 NA NA "0"
12476 20 NA "0"
12478 6 9 "0"
12480 NA NA "0"
12481 32 35 "0"
12483 35 38 "0"
12484 92 NA "0"
12487 22 25 "0"
12488 12 15 "0"
12490 62 65 "0"
12494 49 52 "0"
12495 40 43 "0"
12496 92 NA "0"
12506 12 15 "0"
12507 12 15 "0"
12508 92 NA "0"
12513 NA NA "0"
12517 5 NA "0"
12518 86 89 "0"
12520 46 NA "0"
12522 27 NA "0"
12523 68 71 "0"
12526 18 21 "0"
12527 NA NA "0"
12528 88 NA "0"
12530 40 NA "0"
12532 NA NA "0"
12534 79 82 "0"
12535 92 NA "0"
12536 3 6 "0"
12539 20 23 "0"
12543 92 NA "0"
12549 56 59 "0"
12551 65 68 "0"
12555 2 5 "0"
12556 92 NA "0"
12557 65 68 "0"
12558 8 11 "0"
12559 92 NA "0"
12560 NA NA "0"
12565 70 NA "0"
12566 31 34 "0"
12568 3 6 "0"
12576 11 14 "0"
12581 69 NA "0"
12583 24 27 "0"
12584 NA NA "0"
12591 2 5 "0"
12600 NA NA "0"
12601 4 7 "0"
12608 74 NA "0"
12612 42 45 "0"
12614 15 NA "0"
12616 19 22 "0"
12619 NA NA "0"
12626 5 NA "0"
12632 47 50 "0"
12633 47 NA "0"
12637 4 7 "0"
12640 12 15 NA
12643 60 63 "0"
12645 92 NA "0"
12649 35 38 "0"
12650 9 12 "0"
12651 35 NA "0"
12652 NA NA "0"
12654 12 15 NA
12655 NA NA "0"
12656 28 NA "0"
12671 23 26 NA
12673 111 114 "0"
12674 4 7 "0"
12675 29 32 "0"
12677 12 NA "0"
12678 20 NA "0"
12679 12 NA "0"
12681 91 94 "0"
12683 24 27 NA
12685 NA NA "0"
12686 NA NA "0"
12687 56 NA "0"
12688 33 NA "0"
12691 92 NA "0"
12693 5 NA "0"
12695 12 15 "0"
12696 NA NA "0"
12697 14 17 "0"
12698 5 8 "0"
12701 8 11 "0"
12703 35 38 "0"
12704 2 5 NA
12705 3 NA NA
12721 5 8 "0"
12722 22 NA "0"
12723 29 32 "0"
12727 30 33 "0"
12732 92 NA "0"
12734 11 14 "0"
12737 13 16 "0"
12738 20 NA "0"
12741 8 11 "0"
12742 12 NA "0"
12744 NA NA "0"
12749 38 41 "0"
12751 4 7 "0"
12753 3 6 "0"
12760 32 35 "0"
12764 84 NA "0"
12765 46 NA "0"
12767 12 15 "0"
12768 NA NA "0"
12769 11 14 "0"
12777 12 15 "0"
12778 3 6 "0"
12779 13 16 "0"
12782 19 NA "0"
12784 11 NA "0"
12787 45 48 "0"
12789 NA NA "0"
12791 16 19 "0"
12793 16 19 "0"
12794 28 NA "0"
12798 31 34 "0"
12800 7 10 "0"
12801 16 NA "0"
12802 44 47 "0"
12803 43 46 "0"
12804 6 9 "0"
12805 2 5 "0"
12806 26 29 "0"
12808 8 11 "0"
12809 19 22 "0"
12810 10 13 "0"
12811 6 NA "0"
12813 57 60 "0"
12814 12 NA "0"
12815 15 18 "0"
12817 18 21 "0"
12819 52 55 "0"
12820 26 29 "0"
12821 5 8 "0"
12822 19 NA "0"
12823 10 13 "0"
12824 4 7 "0"
12825 61 64 "0"
12827 41 44 "0"
12828 67 70 "0"
12829 26 29 "0"
12831 33 36 "0"
12833 17 20 "0"
12834 65 68 "0"
12835 NA NA "0"
12836 22 25 NA
12837 59 62 "0"
12839 14 17 "0"
12841 11 14 "0"
12842 5 8 "0"
12844 24 27 "0"
12846 3 NA "0"
12847 32 35 "0"
12848 31 NA NA
12849 16 19 "0"
12850 20 23 "0"
12851 72 75 "0"
12852 25 28 "0"
12853 12 15 "0"
12854 5 8 "0"
12855 9 12 "0"
12858 17 20 "0"
12859 22 25 "0"
12860 32 35 "0"
12861 20 23 "0"
12862 19 22 NA
12864 3 6 "0"
12865 6 9 "0"
12867 33 36 "0"
12869 21 NA "0"
12872 93 96 "0"
12873 24 27 "0"
12874 20 23 "0"
12875 46 49 "0"
12876 23 26 "0"
12878 113 116 "0"
12879 101 NA "0"
12880 44 47 "0"
12881 94 97 "0"
12882 71 NA "0"
12883 13 NA "0"
12884 65 NA "0"
12886 18 21 "0"
12887 14 17 "0"
12888 20 23 "0"
12889 30 33 "0"
12891 11 14 "0"
12892 18 NA "0"
12893 21 24 "0"
12894 73 76 "0"
12895 75 NA "0"
12897 59 62 "0"
12898 20 23 "0"
12899 21 24 "0"
12900 38 41 "0"
12902 3 6 "0"
12903 24 27 "0"
12904 45 48 "0"
12905 13 16 "0"
12906 10 13 "0"
12907 42 45 "0"
12908 18 21 "0"
12909 1 NA "0"
12912 19 22 "0"
12913 27 30 "0"
12915 NA NA "0"
12918 41 NA "0"
12920 61 64 "0"
12921 12 15 "0"
12923 12 15 "0"
12924 27 30 "0"
12925 7 NA "0"
12927 4 7 "0"
12928 51 NA "0"
12929 6 9 "0"
12931 4 NA "0"
12932 19 NA "0"
12933 25 NA "0"
12934 29 NA "0"
12935 19 NA "0"
12936 82 85 "0"
12939 23 26 "0"
12940 14 17 "0"
12941 20 23 "0"
12942 39 42 "0"
12943 67 70 "0"
12944 32 NA "0"
12945 3 6 "0"
12946 40 43 "0"
12947 14 17 "0"
12950 43 46 "0"
12952 45 NA "0"
12953 20 23 "0"
12956 87 90 "0"
12957 42 45 "0"
12958 2 5 "0"
12959 35 38 "0"
12961 25 28 "0"
12962 61 64 "0"
12963 30 33 "0"
12964 43 46 NA
12967 12 NA "0"
12968 73 76 "0"
12969 86 89 "0"
12970 12 15 "0"
12972 17 20 "0"
12976 21 24 "0"
12977 3 NA "0"
12979 18 21 "0"
12980 63 NA "0"
12981 29 NA "0"
12984 33 NA "0"
12986 0 NA "0"
12988 99 102 "0"
12989 12 15 "0"
12990 10 13 "0"
12993 13 16 "0"
12994 41 NA "0"
12996 30 33 "0"
12997 18 21 "0"
12999 47 50 "0"
13000 26 29 "0"
13001 29 32 "0"
13002 5 NA "0"
13003 36 39 "0"
13004 20 23 "0"
13005 71 74 "0"
13006 81 84 NA
13007 30 33 "0"
13009 19 22 "0"
13010 6 NA "0"
13011 22 25 "0"
13012 3 6 "0"
13013 43 46 "0"
13014 26 29 "0"
13015 13 16 "0"
13016 18 21 "0"
13018 8 11 "0"
13019 33 36 "0"
13020 30 33 "0"
13021 44 47 "0"
13023 59 62 "0"
13024 NA NA "0"
13026 20 23 "0"
13027 31 34 NA
13030 41 NA NA
13032 34 37 "0"
13033 14 17 "0"
13036 18 NA "0"
13038 20 23 NA
13039 29 32 "0"
13040 37 40 "0"
13041 31 34 "0"
13042 26 29 "0"
13043 7 10 "0"
13045 8 11 "0"
13046 29 32 "0"
13047 13 16 "0"
13048 28 31 "0"
13049 35 38 "0"
13050 17 20 "0"
13051 10 13 "0"
13052 7 10 "0"
13053 9 12 "0"
13054 67 70 "0"
13055 18 21 "0"
13056 13 16 "0"
13057 8 11 "0"
13058 21 24 "0"
13059 60 63 "0"
13060 21 24 "0"
13061 8 11 "0"
13062 11 14 "0"
13063 26 29 "0"
13065 6 9 "0"
13066 72 75 "0"
13068 13 16 "0"
13069 7 10 "0"
13070 6 9 "0"
13071 16 19 "0"
13072 5 8 "0"
13073 7 10 "0"
13074 13 16 "0"
13075 20 23 "0"
13076 16 19 "0"
13077 2 NA "0"
13079 81 84 NA
13080 13 16 "0"
13081 28 NA NA
13082 0 NA "0"
13083 33 36 "0"
13084 13 16 "0"
13085 23 26 "0"
13086 18 21 "0"
13087 15 18 "0"
13088 120 123 "0"
13089 22 25 "0"
13090 18 21 "0"
13092 16 19 "0"
13093 16 19 "0"
13094 19 22 "0"
13095 12 15 "0"
13096 25 28 "0"
13098 34 37 NA
13099 16 19 "0"
13101 12 15 "0"
13102 10 13 "0"
13104 8 11 "0"
13105 37 NA "0"
13106 22 25 "0"
13108 17 20 "0"
13109 20 23 "0"
13112 30 33 "0"
13114 10 13 "0"
13115 6 9 "0"
13116 19 22 "0"
13118 10 13 "0"
13119 11 14 "0"
13120 12 15 "0"
13121 3 6 "0"
13123 7 10 "0"
13125 15 NA "0"
13126 8 11 "0"
13131 5 NA "0"
13133 34 NA "0"
13136 45 48 "0"
13138 44 47 "0"
13140 23 26 "0"
13141 27 30 "0"
13142 26 29 "0"
13143 26 29 "0"
13144 29 NA "0"
13145 80 NA "0"
13146 40 NA "0"
13147 19 22 "0"
13151 23 26 "0"
13153 80 NA "0"
13154 16 19 "0"
13155 37 40 "0"
13157 41 NA "0"
13158 20 23 "0"
13159 19 22 "0"
13161 32 35 "0"
13163 4 7 "0"
13164 12 15 "0"
13165 42 45 "0"
13168 12 NA "0"
13171 6 9 NA
13172 19 22 "0"
13176 43 46 NA
13179 20 23 "0"
13184 21 NA "0"
13185 6 9 "0"
13190 42 NA "0"
13191 74 77 "0"
13194 15 18 "0"
13197 24 27 "0"
13199 1 4 "0"
13200 7 10 "0"
13201 6 9 "0"
13203 15 18 "0"
13204 6 9 "0"
13205 23 26 "0"
13207 6 NA "0"
13208 NA NA "0"
13209 NA NA "0"
13210 11 14 "0"
13211 5 8 "0"
13212 18 21 "0"
13214 4 NA "0"
13215 13 16 "0"
13218 54 NA "0"
13219 11 NA "0"
13223 11 NA "0"
13224 19 NA "0"
13225 12 NA "0"
13229 3 NA "0"
13240 25 NA "0"
13254 90 NA "0"
13267 9 NA "0"
13276 17 NA "0"
13278 22 NA "0"
13280 10 NA "0"
13282 25 NA "0"
13285 19 NA "0"
13287 4 NA "0"
13288 22 NA "0"
13289 3 NA "0"
13290 27 NA "0"
17015 54 NA "0"
17021 15 NA "0"
17022 9 NA "0"
17027 11 NA NA
17031 71 NA "0"
17040 12 NA "0"
17044 22 NA "0"
17046 34 NA "0"
17085 6 NA "0"
17089 13 NA "0"
17101 19 NA "0"
17103 41 NA "0"
17104 23 NA "0"
17133 13 NA "0"
17134 3 NA "0"
17135 4 NA "0"
17139 14 NA "0"
17140 2 NA "0"
17147 17 NA "0"
18009 31 NA "0"
18011 7 NA "0"
18012 25 NA "0"
18013 1 NA "0"
18016 -1 NA "0"
18017 42 NA "0"
18020 6 NA "0"
18021 19 NA "0"
18022 0 NA "0"
18023 6 NA "0"
18024 17 NA "0"
18025 1 NA "0"
18026 -2 NA "0"
18027 38 NA "0"
18031 4 NA "0"
18032 3 NA "0"
18033 20 NA "0"
18034 7 NA "0"
18035 20 NA "0"
18036 23 NA "0"
18037 10 NA "0"
18038 3 NA "0"
18041 4 NA "0"
18042 22 NA NA
18043 23 NA "0"
