"X1" "X2" "X3" "X4" "X5" "X6" "X7"
45 1991 0 0 0 0 1
140 1990 0 0 0 0 1
168 1991 0 0 0 0 1
183 1991 0 0 0 0 1
267 1991 0 0 0 0 1
268 1991 0 0 0 0 1
280 1991 0 0 0 0 1
403 1991 0 0 0 0 1
423 1991 0 0 0 0 1
614 1991 0 0 0 0 1
719 1990 0 0 0 0 1
805 1991 0 0 0 0 1
882 1991 0 0 0 0 1
931 1991 0 0 0 0 1
932 1991 0 0 0 0 1
984 1991 0 0 0 0 1
1120 1991 0 0 0 0 1
1141 1991 0 0 0 0 1
1161 1991 0 0 0 0 1
1165 1991 0 0 0 0 1
1179 1991 0 0 0 0 1
1236 1991 0 0 0 0 1
1237 1991 0 0 0 0 1
1242 1991 0 0 0 0 1
1252 1991 0 0 0 0 1
1304 1990 0 0 0 0 1
1340 1990 0 0 0 0 1
1342 1991 0 0 0 0 1
1426 1991 0 0 0 0 1
1469 1991 0 0 0 0 1
1471 1991 0 0 0 0 1
1504 1991 0 0 0 0 1
1507 1990 0 0 0 0 1
1557 1990 0 0 0 0 1
1559 1990 0 0 0 0 1
1609 1990 0 0 0 0 1
1649 1991 0 0 0 0 1
1725 1991 0 0 0 0 1
1734 1991 0 0 0 0 1
1764 1990 0 0 0 0 1
1775 1990 0 0 0 0 1
1786 1991 0 0 0 0 1
1790 1991 0 0 0 0 1
1797 1991 0 0 0 0 1
1800 1991 0 0 0 0 1
1801 1991 0 0 0 0 1
1808 1991 0 0 0 0 1
1810 1991 0 0 0 0 1
1811 1991 0 0 0 0 1
1814 1991 0 0 0 0 1
1818 1991 0 0 0 0 1
1822 1991 0 0 0 0 1
1830 1991 0 0 0 0 1
1832 1991 0 0 0 0 1
1836 1991 0 0 0 0 1
1837 1991 0 0 0 0 1
1840 1991 0 0 0 0 1
1842 1991 0 0 0 0 1
1847 1991 0 0 0 0 1
1860 1991 0 0 0 0 1
1862 1991 0 0 0 0 1
1863 1991 0 0 0 0 1
1873 1991 0 0 0 0 1
1874 1991 0 0 0 0 1
1875 1991 0 0 0 0 1
1880 1991 0 0 0 0 1
1892 1991 0 0 0 0 1
1899 1991 0 0 0 0 1
1900 1991 0 0 0 0 1
1902 1991 0 0 0 0 1
1907 1991 0 0 0 0 1
1909 1991 0 0 0 0 1
1917 1991 0 0 0 0 1
1926 1991 0 0 0 0 1
1927 1991 0 0 0 0 1
1929 1991 0 0 0 0 1
1932 1991 0 0 0 0 1
1940 1991 0 0 0 0 1
1947 1991 0 0 0 0 1
1952 1991 0 0 0 0 1
1954 1991 0 0 0 0 1
1957 1991 0 0 0 0 1
1958 1991 0 0 0 0 1
1961 1991 0 0 0 0 1
1963 1991 0 0 0 0 1
1964 1991 0 0 0 0 1
1967 1991 0 0 0 0 1
1971 1991 0 0 0 0 1
1974 1991 0 0 0 0 1
1975 1991 0 0 0 0 1
1978 1991 0 0 0 0 1
1981 1991 0 0 0 0 1
1982 1991 0 0 0 0 1
1983 1991 0 0 0 0 1
1984 1991 0 0 0 0 1
1990 1991 0 0 0 0 1
1992 1991 0 0 0 0 1
1998 1991 0 0 0 0 1
1999 1991 0 0 0 0 1
2002 1991 0 0 0 0 1
2011 1991 0 0 0 0 1
2021 1991 0 0 0 0 1
2029 1991 0 0 0 0 1
2032 1991 0 0 0 0 1
2033 1991 0 0 0 0 1
2036 1990 0 0 0 0 1
2039 1991 0 0 0 0 1
2040 1991 0 0 0 0 1
2044 1991 0 0 0 0 1
2049 1991 0 0 0 0 1
2051 1991 0 0 0 0 1
2053 1991 0 0 0 0 1
2055 1991 0 0 0 0 1
2056 1991 0 0 0 0 1
2059 1991 0 0 0 0 1
2060 1990 0 0 0 0 1
2062 1991 0 0 0 0 1
2063 1990 0 0 0 0 1
2064 1991 0 0 0 0 1
2067 1991 0 0 0 0 1
2069 1991 0 0 0 0 1
2072 1991 0 0 0 0 1
2083 1991 0 0 0 0 1
2084 1991 0 0 0 0 1
2087 1991 0 0 0 0 1
2091 1991 0 0 0 0 1
2093 1991 0 0 0 0 1
2098 1991 0 0 0 0 1
2107 1991 0 0 0 0 1
2111 1991 0 0 0 0 1
2112 1990 0 0 0 0 1
2125 1991 0 0 0 0 1
2126 1991 0 0 0 0 1
2128 1991 0 0 0 0 1
2129 1991 0 0 0 0 1
2130 1991 0 0 0 0 1
2133 1991 0 0 0 0 1
2138 1991 0 0 0 0 1
2139 1991 0 0 0 0 1
2147 1990 0 0 0 0 1
2150 1991 0 0 0 0 1
2159 1991 0 0 0 0 1
2167 1991 0 0 0 0 1
2185 1991 0 0 0 0 1
2247 1991 0 0 0 0 1
2271 1990 0 0 0 0 1
2452 1991 0 0 0 0 1
2491 1991 0 0 0 0 1
2560 1990 0 0 0 0 1
2561 1990 0 0 0 0 1
2594 1991 0 0 0 0 1
2601 1990 0 0 0 0 1
2610 1990 0 0 0 0 1
2627 1990 0 0 0 0 1
2633 1991 0 0 0 0 1
2665 1991 0 0 0 0 1
2700 1990 0 0 0 0 1
2836 1990 0 0 0 0 1
2879 1991 0 0 0 0 1
2894 1991 0 0 0 0 1
2934 1990 0 0 0 0 1
2971 1991 0 0 0 0 1
3041 1990 0 0 0 0 1
3134 1990 0 0 0 0 1
3156 1991 0 0 0 0 1
3211 1990 0 0 0 0 1
3317 1991 0 0 0 0 1
3340 1991 0 0 0 0 1
3352 1990 0 0 0 0 1
3502 1990 0 0 0 0 1
3631 1990 0 0 0 0 1
3745 1991 0 0 0 0 1
3770 1990 0 0 0 0 1
3863 1991 0 0 0 0 1
3880 1991 0 0 0 0 1
3883 1991 0 0 0 0 1
3930 1991 0 0 0 0 1
3941 1991 0 0 0 0 1
3962 1991 0 0 0 0 1
4135 1990 0 0 0 0 1
4159 1991 0 0 0 0 1
4168 1990 0 0 0 0 1
4179 1990 0 0 0 0 1
4303 1990 0 0 0 0 1
4445 1991 0 0 0 0 1
4508 1990 0 0 0 0 1
4553 1991 0 0 0 0 1
4636 1990 0 0 0 0 1
4651 1991 0 0 0 0 1
4652 1991 0 0 0 0 1
4654 1991 0 0 0 0 1
4660 1991 0 0 0 0 1
4671 1991 0 0 0 0 1
4689 1991 0 0 0 0 1
4705 1991 0 0 0 0 1
4709 1991 0 0 0 0 1
4711 1991 0 0 0 0 1
4717 1991 0 0 0 0 1
4731 1991 0 0 0 0 1
4747 1991 0 0 0 0 1
4752 1991 0 0 0 0 1
4774 1991 0 0 0 0 1
4807 1991 0 0 0 0 1
4866 1990 0 0 0 0 1
4918 1991 0 0 0 0 1
4923 1991 0 0 0 0 1
4935 1991 0 0 0 0 1
4936 1990 0 0 0 0 1
4954 1991 0 0 0 0 1
4955 1991 0 0 0 0 1
5001 1991 0 0 0 0 1
5054 1991 0 0 0 0 1
5092 1991 0 0 0 0 1
5122 1991 0 0 0 0 1
5217 1991 0 0 0 0 1
5237 1991 0 0 0 0 1
5241 1991 0 0 0 0 1
5247 1991 0 0 0 0 1
5277 1991 0 0 0 0 1
5410 1990 0 0 0 0 1
5459 1991 0 0 0 0 1
5469 1990 0 0 0 0 1
5479 1991 0 0 0 0 1
5487 1991 0 0 0 0 1
5494 1991 0 0 0 0 1
5503 1991 0 0 0 0 1
5511 1991 0 0 0 0 1
5512 1991 0 0 0 0 1
5550 1991 0 0 0 0 1
5552 1991 0 0 0 0 1
5557 1991 0 0 0 0 1
5562 1990 0 0 0 0 1
5583 1991 0 0 0 0 1
5587 1991 0 0 0 0 1
5601 1990 0 0 0 0 1
5610 1991 0 0 0 0 1
5634 1991 0 0 0 0 1
5670 1990 0 0 0 0 1
5705 1991 0 0 0 0 1
5711 1991 0 0 0 0 1
5715 1991 0 0 0 0 1
5728 1991 0 0 0 0 1
5751 1991 0 0 0 0 1
5758 1991 0 0 0 0 1
5760 1991 0 0 0 0 1
5766 1991 0 0 0 0 1
5777 1991 0 0 0 0 1
5801 1991 0 0 0 0 1
5824 1990 0 0 0 0 1
5924 1991 0 0 0 0 1
5946 1990 0 0 0 0 1
6074 1991 0 0 0 0 1
6319 1997 0 0 0 0 1
7545 1997 0 0 0 0 1
10143 1996 0 0 0 0 1
11049 1997 0 0 0 0 1
12174 1996 0 0 0 0 1
